SIRGAS2000: ITRF2000, epoch 2000.4
GRS80 ellispoid for geographical coordinates

----------------------------------------------------------------------------------------------------------------                    
CODE    COUNTRY       X [m]           Y [m]           Z [m]      Lat [° ' "]        Lon [° ' "]           h [m]
                 sigmaX [m]      sigmaY [m]      sigmaZ [m]     sigmaLat ["]       sigmaLon ["]      sigmah [m]
-----------------------------------------------------------------------------------------------------------------
AGUA      VE     2432526.675    -5859980.915      649900.258     5 53 15.2335 N    67 27 22.5253 W       89.965
                       0.001           0.002           0.001           0.0001             0.0001          0.002
ALBH      CA    -2341332.918    -3539049.524     4745791.357    48 23 23.2134 N   123 29 14.8918 W       31.763
                       0.001           0.001           0.001           0.0001             0.0001          0.001
ALGO      CA      918129.443    -4346071.256     4561977.835    45 57 20.8807 N    78  4 16.9219 W      200.899
                       0.001           0.001           0.001           0.0001             0.0001          0.001
AMC2      US    -1248596.130    -4819428.230     3976506.012    38 48 11.2483 N   104 31 28.5350 W     1911.407
                       0.001           0.002           0.001           0.0001             0.0001          0.001
AMUA      VE     2116753.013    -5875640.852     1290622.587    11 45  9.3709 N    70 11 16.7397 W        7.825
                       0.001           0.003           0.001           0.0001             0.0001          0.002
ANTC      CL     1608539.491    -4816369.723    -3847798.585    37 20 19.3314 S    71 31 55.3816 W      745.410
                       0.001           0.002           0.001           0.0001             0.0001          0.002
ANTF      CL     1960454.928    -5506945.374    -2543151.347    23 39 11.2209 S    70 24 15.9597 W       31.854
                       0.002           0.004           0.002           0.0001             0.0001          0.003
AOML      US      982296.770    -5664607.232     2752614.485    25 44  4.8893 N    80  9 43.9155 W        0.106
                       0.001           0.002           0.001           0.0001             0.0001          0.002
AREQ      PE     1942826.771    -5804070.247    -1796893.919    16 27 55.8494 S    71 29 34.0486 W     2488.924
                       0.001           0.002           0.001           0.0001             0.0001          0.002
ARIC      CL     2037692.303    -5698037.794    -2008501.875    18 28 35.9181 S    70 19 20.2450 W       36.086
                       0.002           0.004           0.001           0.0001             0.0001          0.003
ASHV      US      673609.667    -5148653.639     3692529.516    35 35 58.0363 N    82 32 46.3341 W      659.161
                       0.001           0.002           0.002           0.0001             0.0001          0.002
AURO      GT      -57253.246    -6175511.784     1594451.233    14 34 11.2994 N    90 31 52.2288 W     1489.015
                       0.001           0.003           0.001           0.0001             0.0001          0.003
AUTF      AR     1360918.807    -3420457.897    -5191175.254    54 50 22.2922 S    68 18 12.8437 W       71.892
                       0.001           0.001           0.002           0.0001             0.0001          0.002
BALT      EC      -28822.184    -6377927.504      -50938.929     0 27 38.4358 S    90 15 32.1150 W       60.412
                       0.001           0.002           0.001           0.0001             0.0001          0.002
BARH      US     1693644.916    -4239067.573     4439567.215    44 23 42.1715 N    68 13 18.0822 W        6.754
                       0.001           0.002           0.002           0.0001             0.0001          0.002
BATL      GT      147891.586    -6140103.951     1714091.204    15 41 36.2629 N    88 37 12.8313 W        2.107
                       0.001           0.003           0.001           0.0001             0.0001          0.003
BELL      UY     2984238.812    -4470492.790    -3422371.433    32 39 36.6077 S    56 16 30.9030 W      150.281
                       0.002           0.002           0.002           0.0001             0.0001          0.002
BLMC      CL     1396399.998    -4220505.244    -4559036.869    45 54 52.6791 S    71 41 33.5098 W      536.999
                       0.001           0.001           0.001           0.0001             0.0001          0.001
BOGA      CO     1744517.469    -6116051.807      512580.802     4 38 19.2455 N    74  4 47.8156 W     2610.604
                       0.001           0.002           0.001           0.0001             0.0001          0.002
BOMJ      BR     4510195.835    -4268322.325    -1453035.300    13 15 20.0103 S    43 25 18.2468 W      419.401
                       0.003           0.002           0.001           0.0001             0.0001          0.002
BRAZ      BR     4115014.085    -4550641.549    -1741444.019    15 56 50.9112 S    47 52 40.3283 W     1106.020
                       0.001           0.001           0.001           0.0001             0.0001          0.001
BRMU      UK     2304703.536    -4874817.184     3395186.919    32 22 13.4340 N    64 41 46.5812 W      -11.610
                       0.001           0.002           0.002           0.0001             0.0001          0.002
BTUR      CO     1424714.546    -6202030.279      429719.585     3 53 20.9982 N    77  3 45.4043 W       20.614
                       0.001           0.003           0.001           0.0001             0.0001          0.003
CA00      TT     3007317.474    -5501917.917     1164556.386    10 35 27.3930 N    61 20 21.2326 W      -18.876
                       0.002           0.004           0.001           0.0001             0.0001          0.003
CAC1      BR     4164559.941    -4162495.407    -2445051.218    22 41 14.5337 S    44 59  8.8606 W      615.984
                       0.002           0.002           0.001           0.0001             0.0001          0.002
CALG      CA    -1641895.220    -3664876.816     4939969.444    51  4 45.9386 N   114  7 57.9918 W     1116.647
                       0.001           0.001           0.002           0.0001             0.0001          0.001
CAM2      MX      -56581.305    -6001449.601     2151509.149    19 50 39.9372 N    90 32 24.5945 W       12.213
                       0.001           0.003           0.001           0.0001             0.0001          0.003
CAMI      BO     2669199.493    -5368719.468    -2173298.317    20  2 53.2372 S    63 33 52.3039 W     1739.461
                       0.001           0.002           0.001           0.0001             0.0001          0.002
CANA      BR     3875253.589    -4292587.088    -2681107.718    25  1 12.8597 S    47 55 29.8847 W        3.688
                       0.002           0.002           0.001           0.0001             0.0001          0.002
CANO      VE     2778756.630    -5662504.731      943998.922     8 34  5.8727 N    63 51 41.2670 W      153.355
                       0.001           0.002           0.001           0.0001             0.0001          0.002
CART      CO     1567348.551    -6075293.569     1142850.760    10 23 28.8017 N    75 32  1.8751 W        4.092
                       0.001           0.002           0.001           0.0001             0.0001          0.002
CARU      VE     2822001.016    -5597298.625     1173680.887    10 40 29.6162 N    63 14 38.5425 W      -29.731
                       0.002           0.002           0.001           0.0001             0.0001          0.002
CASU      CL     1489934.630    -4893088.158    -3797571.329    36 46 35.4192 S    73  3 52.6403 W       25.628
                       0.001           0.002           0.002           0.0001             0.0001          0.002
CFAG      AR     2016584.837    -5050165.631    -3323308.818    31 36  7.8040 S    68 13 57.5344 W      702.560
                       0.001           0.002           0.001           0.0001             0.0001          0.002
CHA1      US      946821.732    -5284901.536     3431363.123    32 45 27.2377 N    79 50 34.3468 W      -29.019
                       0.001           0.002           0.001           0.0001             0.0001          0.002
CHAJ      CL     2225205.077    -5440307.758    -2481019.041    23  1 21.7594 S    67 45 15.7066 W     5074.817
                       0.003           0.005           0.003           0.0001             0.0001          0.005
CHAM      CL     1901401.918    -5343947.497    -2907705.442    27 17 51.2197 S    70 24 51.1188 W      329.340
                       0.001           0.002           0.001           0.0001             0.0001          0.002
CHET      MX      179584.804    -6048080.746     2010447.355    18 29 42.9954 N    88 17 57.2074 W        3.037
                       0.001           0.004           0.001           0.0001             0.0001          0.004
CHI3      MX    -1552307.743    -5382771.958     3041779.792    28 39 43.8945 N   106  5 12.2598 W     1413.170
                       0.001           0.003           0.002           0.0001             0.0001          0.003
CHIQ      BO     2965510.304    -5299417.982    -1945242.030    17 52 24.9972 S    60 46  8.3491 W      542.230
                       0.001           0.002           0.001           0.0001             0.0001          0.002
CHUR      CA     -236438.776    -3307616.825     5430049.198    58 45 32.6801 N    94  5 19.4150 W      -19.390
                       0.001           0.001           0.002           0.0001             0.0001          0.002
CLAR      BO     2769004.273    -5478490.477    -1727517.024    15 49  6.4803 S    63 11 11.4242 W      394.897
                       0.001           0.002           0.001           0.0001             0.0001          0.002
CNDR      US    -2616491.792    -4307013.987     3896363.890    37 53 47.0598 N   121 16 42.5787 W      -20.713
                       0.001           0.002           0.001           0.0001             0.0001          0.002
COL2      MX    -1427005.498    -5852976.046     2089089.113    19 14 39.9997 N   103 42  6.7771 W      528.793
                       0.001           0.004           0.002           0.0001             0.0001          0.003
COLA      US      816177.913    -5224934.116     3553937.002    34  4 51.5816 N    81  7 18.0296 W       81.640
                       0.001           0.002           0.002           0.0001             0.0001          0.002
COPO      CL     1907040.656    -5337379.008    -2916334.914    27 23  4.2996 S    70 20 17.6551 W      479.090
                       0.001           0.002           0.001           0.0001             0.0001          0.001
CORD      AR     2345503.865    -4910842.820    -3316365.409    31 31 42.3671 S    64 28 12.1742 W      746.856
                       0.001           0.002           0.002           0.0001             0.0001          0.002
CORU      BR     3229969.943    -5095437.766    -2063429.898    19  0  1.0131 S    57 37 46.6130 W      156.592
                       0.001           0.002           0.001           0.0001             0.0001          0.002
COYQ      CL     1391587.194    -4255574.445    -4527925.989    45 30 51.6294 S    71 53 31.4906 W      476.179
                       0.001           0.002           0.002           0.0001             0.0001          0.002
CPIE      UY     3182401.789    -4346982.912    -3403159.835    32 27 15.1636 S    53 47 32.4644 W      224.008
                       0.003           0.004           0.003           0.0001             0.0001          0.004
CRAT      BR     4888826.036    -4017957.454    -798309.017      7 14 16.8673 S    39 24 56.1798 W      436.051
                       0.002           0.002           0.001           0.0001             0.0001          0.002
CRIC      AR     1932215.252    -5001352.656    -3444510.792    32 53 36.4978 S    68 52 35.5164 W      858.982
                       0.001           0.003           0.002           0.0001             0.0001          0.002
CRO1      US     2607771.186    -5488076.758     1932767.728    17 45 24.8313 N    64 35  3.5530 W      -31.930
                       0.003           0.006           0.002           0.0001             0.0001          0.005
CUIB      BR     3430711.406    -5099641.565    -1699432.931    15 33 18.9468 S    56  4 11.5196 W      237.444
                       0.001           0.002           0.001           0.0001             0.0001          0.002
CULI      MX    -1730936.675    -5528855.303     2658865.653    24 47 54.7888 N   107 23  2.1919 W       75.449
                       0.001           0.003           0.002           0.0001             0.0001          0.003
DRAO      CA    -2059164.734    -3621108.401     4814432.357    49 19 21.4296 N   119 37 29.9330 W      541.876
                       0.001           0.001           0.001           0.0001             0.0001          0.001
DUBO      CA     -417603.609    -4064529.802     4881432.174    50 15 31.7129 N    95 51 58.2459 W      245.274
                       0.001           0.002           0.002           0.0001             0.0001          0.002
EISL      CL    -1884951.548    -5357595.946    -2892890.531    27  8 53.5528 S    70 37  0.1460 W      114.553
                       0.003           0.006           0.004           0.0001             0.0001          0.006
ELEN      GT       12794.699    -6103925.258     1844219.147    16 55  5.8777 N    89 52 47.6401 W      117.706
                       0.002           0.008           0.003           0.0001             0.0001          0.008
ELEV      VE     3068661.562    -5570204.827      496583.892     4 29 41.3932 N    61  8 57.6572 W      900.769
                       0.002           0.003           0.001           0.0001             0.0001          0.003
ENRI      BO     2582721.699    -5349292.802    -2320393.464    21 28  3.9279 S    64 13 40.8992 W     1979.482
                       0.001           0.002           0.001           0.0001             0.0001          0.002
EPRT      US     1768544.626    -4164839.453     4480190.397    44 54 31.3540 N    66 59 31.6689 W       30.370
                       0.001           0.002           0.002           0.0001             0.0001          0.002
ERP1      PE     1401320.811    -6077986.491    -1328580.659    12  6 10.8688 S    77  1  0.9928 W      157.610
                       0.001           0.002           0.001           0.0001             0.0001          0.002
ESTI      NI      394283.479    -6201541.424     1436325.780    13  5 58.3279 N    86 21 43.6607 W      852.667
                       0.001           0.002           0.001           0.0001             0.0001          0.002
F118      TT     2990274.596    -5509629.906     1171913.200    10 39 31.0020 N    61 30 34.9990 W      -18.129
                       0.003           0.004           0.001           0.0001             0.0001          0.004
FLIN      CA     -766174.478    -3611375.315     5184056.235    54 43 32.1036 N   101 58 40.9180 W      311.506
                       0.001           0.001           0.002           0.0001             0.0001          0.002
FOR1      BR     4982893.151    -3959968.539     -411742.293     3 43 34.3799 S    38 28 28.6040 W       48.420
                       0.002           0.002           0.001           0.0001             0.0001          0.002
FORT      BR     4985386.605    -3954998.594     -428426.440     3 52 38.8046 S    38 25 32.2051 W       19.452
                       0.004           0.004           0.001           0.0001             0.0001          0.004
GAL1      US     -459551.212    -5545997.594     3105820.547    29 19 47.5704 N    94 44 12.5115 W      -17.521
                       0.001           0.002           0.001           0.0001             0.0001          0.002
GALA      EC      -33795.937    -6377522.650      -82120.860     0 44 33.7038 S    90 18 13.0337 W        7.448
                       0.001           0.002           0.001           0.0001             0.0001          0.002
GALP      UY     3091058.745    -4521736.765    -3257793.744    30 54 45.8981 S    55 38 36.5742 W      380.938
                       0.002           0.002           0.002           0.0001             0.0001          0.002
GEOB      GY     3343369.793    -5379170.020      750324.911     6 48  4.9486 N    58  8 14.6114 W      -20.239
                       0.002           0.002           0.001           0.0001             0.0001          0.002
GODE      US     1130773.817    -4831253.585     3994200.413    39  1 18.2185 N    76 49 36.5858 W       14.519
                       0.001           0.002           0.001           0.0001             0.0001          0.001
GUA2      VE     2456098.305    -5768889.331     1165660.169    10 36  3.9244 N    66 56 17.4246 W      -16.271
                       0.001           0.003           0.001           0.0001             0.0001          0.003
HER2      MX    -1996003.911    -5208674.551     3082959.595    29  5 33.1699 N   110 58  1.9719 W      186.969
                       0.001           0.003           0.002           0.0001             0.0001          0.002
HOLB      CA    -2503040.462    -3188233.340     4908701.539    50 38 25.2738 N   128  8  5.9884 W      559.606
                       0.001           0.001           0.002           0.0001             0.0001          0.002
HUIC      BO     2239251.574    -5678506.625    -1858125.388    17  2 17.1149 S    68 28 43.6532 W     4305.185
                       0.001           0.002           0.001           0.0001             0.0001          0.002
IBAN      CL     1261899.003    -3633641.407    -5070719.334    53  0  7.4729 S    70 50 55.6640 W       46.090
                       0.001           0.001           0.002           0.0001             0.0001          0.002
IGM0      AR     2751801.055    -4479882.685    -3598917.270    34 34 19.9131 S    58 26 21.7188 W       48.801
                       0.001           0.002           0.001           0.0001             0.0001          0.002
IGUA      AR     3337066.714    -4688978.560    -2740427.028    25 36 42.4687 S    54 33 40.2672 W      192.418
                       0.001           0.002           0.001           0.0001             0.0001          0.001
IMBI      BR     3714672.427    -4221791.488    -2999637.883    28 14 11.8080 S    48 39 21.8825 W       11.850
                       0.002           0.002           0.001           0.0001             0.0001          0.002
IMPZ      BR     4289656.441    -4680884.944     -606347.331     5 29 30.3585 S    47 29 50.0445 W      105.008
                       0.002           0.002           0.001           0.0001             0.0001          0.002
INEG      MX    -1260435.693    -5788547.601     2360340.234    21 51 22.1536 N   102 17  3.1287 W     1888.347
                       0.001           0.002           0.001           0.0001             0.0001          0.002
INIR      CO     2393740.592    -5896617.005      424900.210     3 50 43.5792 N    67 54 18.8373 W       94.969
                       0.001           0.002           0.001           0.0001             0.0001          0.002
IPIA      CO     1363685.329    -6232891.430       90208.347     0 48 55.7252 N    77 39 31.6959 W     2832.019
                       0.002           0.004           0.001           0.0001             0.0001          0.004
IQQE      CL     2034208.373    -5629172.288    -2196141.910    20 16 24.7510 S    70  7 54.1747 W       38.938
                       0.001           0.002           0.001           0.0001             0.0001          0.002
IQUI      PE     1835340.187    -6094433.035     -412696.056     3 44  5.3623 S    73 14 25.1188 W      111.466
                       0.002           0.003           0.001           0.0001             0.0001          0.003
IXIA      BO     2307309.265    -5750636.200    -1508457.675    13 46 15.7228 S    68  8 16.8783 W      285.373
                       0.001           0.002           0.001           0.0001             0.0001          0.002
JAMA      JM     1388059.818    -5909149.070     1951963.831    17 56 20.4824 N    76 46 51.1399 W       -2.933
                       0.001           0.002           0.001           0.0001             0.0001          0.002
JUNQ      VE     2442530.160    -5779899.973     1150758.550    10 27 38.3999 N    67  5 29.5729 W     2016.950
                       0.004           0.006           0.001           0.0001             0.0001          0.005
KAMA      VE     3058874.003    -5566111.156      595136.465     5 23 20.6433 N    61 12 31.9170 W     1116.687
                       0.002           0.003           0.001           0.0001             0.0001          0.003
KELS      US    -2405383.311    -3718716.008     4574351.170    46  7  5.4399 N   122 53 45.8459 W      -15.923
                       0.001           0.002           0.002           0.0001             0.0001          0.002
KOUR      GF     3839591.403    -5059567.561      579956.972     5 15  7.8503 N    52 48 21.4544 W      -25.761
                       0.001           0.002           0.001           0.0001             0.0001          0.002
LAPU      PE     1385572.877    -6082271.424    -1324866.568    12  4  8.1936 S    77 10  0.2241 W       24.091
                       0.001           0.002           0.001           0.0001             0.0001          0.002
LATA      EC     1258247.909    -6255142.614      -90040.819     0 48 50.2224 S    78 37 35.3892 W     2941.191
                       0.001           0.002           0.001           0.0001             0.0001          0.002
LETI      CO     2181609.127    -5975453.390     -463617.134     4 11 47.1273 S    69 56 35.1837 W       95.594
                       0.001           0.002           0.001           0.0001             0.0001          0.002
LHCL      AR     2079355.598    -4582903.436    -3905925.709    38  0  9.5764 S    65 35 42.8901 W      404.540
                       0.001           0.002           0.001           0.0001             0.0001          0.002
LIBE      EC     1007439.491    -6293276.370     -245319.950     2 13  8.8911 S    80 54 18.5366 W       17.064
                       0.001           0.003           0.001           0.0001             0.0001          0.003
LIMA      PE     1401316.183    -6077986.658    -1328579.782    12  6 10.8469 S    77  1  1.1432 W      156.569
                       0.001           0.003           0.001           0.0001             0.0001          0.003
LO10      AR     1627558.457    -4126035.258    -4569051.288    46  2 32.7008 S    68 28 21.7840 W      736.106
                       0.001           0.001           0.001           0.0001             0.0001          0.001
LOTE      AR     2035975.402    -4592847.648    -3916827.348    38  7 41.4734 S    66  5 33.5192 W      293.158
                       0.002           0.003           0.003           0.0001             0.0001          0.003
LPAZ      MX    -2022283.156    -5461274.416     2592317.006    24  8 19.6680 N   110 19  9.6394 W       -6.783
                       0.001           0.003           0.002           0.0001             0.0001          0.003
LPGS      AR     2780102.978    -4437418.889    -3629404.557    34 54 24.2849 S    57 55 56.2782 W       29.863
                       0.001           0.002           0.002           0.0001             0.0001          0.002
MAI1      AR     1529296.180    -4493524.961    -4247352.552    42  0 50.0756 S    71 12 17.4623 W      897.443
                       0.001           0.002           0.001           0.0001             0.0001          0.001
MAIC      CO     1919249.494    -5952229.986     1248111.834    11 21 37.2089 N    72  7 42.5782 W       16.512
                       0.002           0.003           0.001           0.0001             0.0001          0.003
MALD      PE     2213187.563    -5819248.090    -1381657.808    12 35 38.3949 S    69 10 37.5376 W      239.822
                       0.001           0.002           0.001           0.0001             0.0001          0.002
MANA      NI      407981.823    -6222925.722     1333528.933    12  8 56.1771 N    86 14 56.3787 W       71.042
                       0.001           0.004           0.001           0.0001             0.0001          0.004
MANU      BR     3179009.359    -5518662.100     -344401.823     3  6 58.1415 S    60  3 21.7105 W       40.160
                       0.002           0.002           0.001           0.0001             0.0001          0.002
MARA      VE     1976117.116    -5948895.200     1173592.162    10 40 26.3211 N    71 37 27.9518 W       28.403
                       0.002           0.004           0.001           0.0001             0.0001          0.003
MATA      PE     1874360.042    -5806138.307    -1852953.220    17  0  3.7549 S    72  6 31.2551 W       32.232
                       0.001           0.002           0.001           0.0001             0.0001          0.002
MCAE      BR     4400142.600    -3932040.418    -2412305.322    22 22 10.3989 S    41 47  4.2080 W        0.056
                       0.002           0.002           0.001           0.0001             0.0001          0.002
MERI      MX       39480.824    -5957733.151     2269335.116    20 58 48.1625 N    89 37 13.1403 W        7.908
                       0.001           0.004           0.002           0.0001             0.0001          0.004
MEXI      MX    -2312590.816    -4853743.785     3419740.406    32 37 58.7663 N   115 28 32.5253 W      -22.418
                       0.002           0.003           0.002           0.0001             0.0001          0.003
MONT      UY     2909132.983    -4355451.251    -3627801.256    34 53 17.9487 S    56 15 35.5767 W      158.084
                       0.001           0.002           0.001           0.0001             0.0001          0.001
MORR      AR     2216022.792    -4857391.582    -3479484.072    33 16  8.1575 S    65 28 36.2637 W     1000.898
                       0.001           0.002           0.001           0.0001             0.0001          0.001
MRD1      AR     2701065.432    -4246103.758    -3905513.606    38  0  2.1633 S    57 32 18.3078 W       27.741
                       0.001           0.002           0.001           0.0001             0.0001          0.001
MTY2      MX    -1029483.415    -5657637.282     2750926.134    25 42 55.8242 N   100 18 46.4591 W      521.785
                       0.001           0.003           0.001           0.0001             0.0001          0.002
NEAH      US    -2415625.588    -3498394.079     4739316.850    48 17 52.2784 N   124 37 29.6641 W      459.869
                       0.001           0.001           0.002           0.0001             0.0001          0.001
NPAC      GT      -86648.046    -6191234.052     1525154.569    13 55 37.5412 N    90 48  6.5450 W        2.238
                       0.051           0.051           0.014           0.0006             0.0016          0.050
NPRI      US     1531392.392    -4531473.968     4204982.561    41 30 35.4472 N    71 19 39.1300 W      -13.097
                       0.001           0.002           0.002           0.0001             0.0001          0.002
OAXA      MX     -713745.377    -6058204.990     1861815.243    17  4 49.6400 N    96 43  9.5107 W     1595.892
                       0.001           0.004           0.001           0.0001             0.0001          0.004
OHIG      AN     1525872.544    -2432481.318    -5676146.113    63 19 14.6037 S    57 54  1.2237 W       30.716
                       0.001           0.001           0.002           0.0001             0.0001          0.002
OLLA      BO     2223873.637    -5515451.367    -2309233.411    21 21  6.0074 S    68  2 25.1441 W     4205.173
                       0.001           0.002           0.001           0.0001             0.0001          0.002
PA-1      PY     3091070.744    -4873340.325    -2707075.198    25 16 43.7785 S    57 36 49.6445 W       92.255
                       0.002           0.003           0.002           0.0001             0.0001          0.002
PABH      US    -2439933.825    -3589636.067     4657876.499    47 12 46.0783 N   124 12 16.4952 W       12.905
                       0.001           0.001           0.002           0.0001             0.0001          0.001
PARA      BR     3763751.652    -4365113.803    -2724404.694    25 26 54.1269 S    49 13 51.4373 W      925.765
                       0.002           0.002           0.001           0.0001             0.0001          0.002
PARC      CL     1255992.408    -3622975.095    -5079719.310    53  8 13.0394 S    70 52 47.5770 W       22.300
                       0.001           0.001           0.002           0.0001             0.0001          0.001
PAST      CO     1402942.279    -6221912.691      153379.918     1 23 12.6627 N    77 17 35.5913 W     1841.721
                       0.001           0.002           0.001           0.0001             0.0001          0.002
PEST      UY     3005075.050    -4283872.380    -3634526.286    34 57 47.3111 S    54 57  3.2066 W       16.886
                       0.002           0.003           0.002           0.0001             0.0001          0.002
PICA      CL     2110483.568    -5593500.976    -2218922.470    20 29 18.7535 S    69 19 40.8354 W     1376.029
                       0.002           0.004           0.002           0.0001             0.0001          0.004
PIUR      PE     1034520.171    -6267349.114     -573960.365     5 11 51.5289 S    80 37 37.1558 W       71.806
                       0.001           0.003           0.001           0.0001             0.0001          0.003
POAL      BR     3467519.402    -4300378.535    -3177517.730    30  4 26.5528 S    51  7 11.1533 W       76.745
                       0.002           0.002           0.001           0.0001             0.0001          0.002
PSAN      BR     3998232.011    -4969359.526       -6340.615     0  3 26.4339 S    51 10 50.3286 W      -15.506
                       0.002           0.002           0.001           0.0001             0.0001          0.002
PTAS      CL     1253686.384    -3621106.246    -5081596.423    53  9 54.7058 S    70 54 11.9062 W       12.679
                       0.001           0.001           0.002           0.0001             0.0001          0.002
PUCA      PE     1678223.083    -6083879.332     -920329.216     8 21  6.9059 S    74 34 43.0062 W      164.855
                       0.001           0.003           0.001           0.0001             0.0001          0.003
PUER      CL     1402089.591    -4575114.703    -4202898.593    41 29  4.2026 S    72 57 42.4570 W       23.768
                       0.001           0.002           0.002           0.0001             0.0001          0.002
PUR3      PR     2358177.884    -5573619.688     2007083.890    18 27 46.7138 N    67  4  1.0479 W       89.557
                       0.001           0.002           0.001           0.0001             0.0001          0.002
RBLS      AR     2462064.911    -5074756.620    -2967964.441    27 54 42.5667 S    64  7  9.2291 W      193.225
                       0.001           0.002           0.001           0.0001             0.0001          0.002
RECF      BR     5176588.653    -3618162.163     -887363.920     8  3  3.4697 S    34 57  5.4591 W       20.180
                       0.002           0.002           0.001           0.0001             0.0001          0.002
REDM      US    -2366949.459    -3916333.680     4429451.113    44 15 35.1637 N   121  8 52.3686 W      919.858
                       0.001           0.001           0.001           0.0001             0.0001          0.001
RIAB      BO     2987720.683    -5373761.011    -1691269.275    15 28 43.4626 S    60 55 36.0379 W      221.015
                       0.001           0.002           0.001           0.0001             0.0001          0.002
RIBE      BO     2539620.470    -5723487.995    -1210304.495    11  0 42.0218 S    66  4 20.0221 W      161.828
                       0.001           0.003           0.001           0.0001             0.0001          0.002
RINC      UY     2807052.801    -4542546.400    -3476459.507    33 14 30.6288 S    58 17 10.0800 W       67.690
                       0.002           0.002           0.002           0.0001             0.0001          0.002
RIOD      BR     4280294.879    -4034431.225    -2458141.380    22 49  4.2399 S    43 18 22.5958 W        8.630
                       0.002           0.002           0.001           0.0001             0.0001          0.002
RIOG      AR     1429907.752    -3495354.779    -5122698.672    53 47  7.7013 S    67 45  4.0260 W       32.029
                       0.001           0.001           0.001           0.0001             0.0001          0.001
RIOP      EC     1255144.963    -6253609.427     -182569.868     1 39  2.1457 S    78 39  3.9855 W     2817.164
                       0.006           0.016           0.003           0.0016             0.0002          0.001
RWSN      AR     1956973.422    -4217335.275    -4351745.537    43 17 55.9727 S    65  6 26.0937 W       27.388
                       0.001           0.001           0.001           0.0001             0.0001          0.001
SALV      BR     4863495.731    -3870312.351    -1426347.813    13  0 31.2116 S    38 30 44.4929 W       35.757
                       0.003           0.002           0.001           0.0001             0.0001          0.002
SANA      VE     1906494.074    -6024832.822      864393.007     7 50 26.8609 N    72 26 26.0887 W      384.830
                       0.002           0.003           0.001           0.0001             0.0001          0.003
SANT      CL     1769693.410    -5044574.156    -3468321.005    33  9  1.0403 S    70 40  6.7986 W      723.057
                       0.001           0.002           0.001           0.0001             0.0001          0.001
SCH2      CA     1448636.847    -3385243.674     5191046.976    54 49 55.5213 N    66 49 57.4139 W      498.191
                       0.001           0.001           0.002           0.0001             0.0001          0.002
SHEE      UY     2908727.811    -4354388.105    -3629160.175    34 54 14.7064 S    56 15 25.5886 W       25.827
                       0.002           0.004           0.003           0.0001             0.0001          0.003
SIO3      US    -2455456.597    -4767480.585     3441383.684    32 51 52.9277 N   117 15  1.4618 W       34.849
                       0.001           0.002           0.001           0.0001             0.0001          0.002
SOL1      US     1173608.813    -4871160.862     3933263.109    38 19  7.9551 N    76 27 14.0186 W      -19.051
                       0.001           0.003           0.002           0.0001             0.0001          0.002
STJO      CA     2612631.167    -3426807.036     4686757.831    47 35 42.8615 N    52 40 39.8955 W      152.836
                       0.001           0.001           0.002           0.0001             0.0001          0.001
TALA      PE      963852.346    -6284454.583     -505621.675     4 34 38.8249 S    81 16 49.5878 W        9.831
                       0.003           0.009           0.003           0.0001             0.0001          0.009
TAMP      MX     -807922.595    -5849358.286     2402967.696    22 16 41.9558 N    97 51 50.4955 W       21.077
                       0.001           0.003           0.001           0.0001             0.0001          0.003
TAND      AR     2604004.152    -4357847.616    -3848638.616    37 21  6.4582 S    59  8 23.4239 W      226.008
                       0.001           0.002           0.001           0.0001             0.0001          0.002
TEGU      HN      301697.362    -6181025.101     1542919.857    14  5 25.5814 N    87 12 20.1478 W      948.823
                       0.001           0.003           0.001           0.0001             0.0001          0.003
TMGO      US    -1283387.677    -4713015.469     4090190.350    40  7 51.3675 N   105 13 57.7561 W     1672.994
                       0.001           0.002           0.002           0.0001             0.0001          0.002
TOLU      MX    -1008730.731    -5939707.412     2094568.120    19 17 24.6125 N    99 38 18.5520 W     2649.214
                       0.001           0.003           0.001           0.0001             0.0001          0.003
TSEA      US    -2666155.072    -1545828.586     5565470.285    61 11 14.3786 N   149 53 41.9025 W       42.931
                       0.001           0.001           0.002           0.0001             0.0001          0.002
TTWR      GY     3334340.983    -5389347.644      717354.608     6 30  4.2201 N    58 15 19.0562 W       26.025
                       0.002           0.003           0.001           0.0001             0.0001          0.002
TUCU      AR     2386117.163     -5171223.28    -2862949.164    26 50 35.7205 S    65 13 49.2663 W      485.046
                       0.001           0.002           0.001           0.0001             0.0001          0.002
TULC      EC     1358654.185     -6234130.66       89827.454     0 48 43.2678 N    77 42 19.1446 W     2963.977
                       0.001           0.003           0.001           0.0001             0.0001          0.003
UAPF      CL     2033687.860    -5630604.431    -2192992.340    20 14 35.4947 S    70  8 27.8109 W       46.082
                       0.002           0.005           0.002           0.0001             0.0001          0.005
UEPP      BR     3687624.315     -4620818.60    -2386880.343    22  7 11.6571 S    51 24 30.7223 W      430.949
                       0.001           0.002           0.001           0.0001             0.0001          0.002
UNSA      AR     2412830.393    -5271936.714    -2652209.086    24 43 38.8452 S    65 24 27.5172 W     1257.792
                       0.001           0.002           0.001           0.0001             0.0001          0.002
USB1      VE     2463652.441    -5771137.632     1145165.399    10 24 38.2839 N    66 52 57.9076 W     1193.157
                       0.001           0.003           0.001           0.0001             0.0001          0.002
USNA      US     1160668.886    -4826883.340     3990863.065    38 59  0.0543 N    76 28 45.7960 W      -27.296
                       0.001           0.002           0.001           0.0001             0.0001          0.002
USNO      US     1112189.840    -4842955.040     3985352.253    38 55  8.2651 N    77  3 58.4076 W       48.883
                       0.001           0.003           0.002           0.0001             0.0001          0.002
VALP      CL     1687077.177    -5080013.481    -3456551.519    33  1 39.7025 S    71 37 43.0510 W       31.717
                       0.001           0.002           0.001           0.0001             0.0001          0.002
VBCA      AR     2319240.804    -4411743.910    -3966484.167    38 42  2.7678 S    62 16  9.2176 W       59.482
                       0.001           0.002           0.001           0.0001             0.0001          0.002
VICO      BR     4373283.313    -4059639.049    -2246959.728    20 45 41.4020 S    42 52 11.9622 W      665.956
                       0.002           0.002           0.001           0.0001             0.0001          0.002
VIGI      UY     3153246.742    -4273958.070    -3519881.424    33 42 38.1750 S    53 34 50.8226 W      165.681
                       0.002           0.002           0.002           0.0001             0.0001          0.002
VIL2      MX    -310300.608     -6060324.077     1957383.599    17 59 25.4774 N    92 55 51.9523 W       27.799
                       0.001           0.004           0.001           0.0001             0.0001          0.004
VIMS      US     1250692.675    -4902017.188     3871080.266    37 36 30.0733 N    75 41 13.2159 W      -29.076
                       0.001           0.002           0.002           0.0001             0.0001          0.002
WES2      US     1492233.325    -4458089.492     4296046.016    42 36 48.0072 N    71 29 35.9738 W       85.021
                       0.001           0.002           0.001           0.0001             0.0001          0.001
WHIT      CA    -2218337.869    -2201205.116     5543057.555    60 45  1.8444 N   135 13 19.5999 W     1427.378
                       0.001           0.001           0.002           0.0001             0.0001          0.002
WILL      CA    -2084258.063    -3313872.996     5019853.075    52 14 12.7258 N   122 10  4.1193 W     1095.676
                       0.001           0.001           0.002           0.0001             0.0001          0.002
YBHB      US    -2576447.781    -4011576.441     4224117.015    41 43 53.9604 N   122 42 38.6445 W     1065.694
                       0.001           0.002           0.002           0.0001             0.0001          0.002
YELL      CA    -1224452.570    -2689216.128     5633638.279    62 28 51.2193 N   114 28 50.5199 W      180.880
                       0.001           0.001           0.002           0.0001             0.0001          0.002
ZAMO      EC     1221570.866    -6244846.699     -448051.370     4  3 17.1482 S    78 55 55.1272 W      926.290
                       0.001           0.003           0.001           0.0001             0.0001          0.003