Transformation parameters from ITRFs to past ITRFs.
------------------------------------------------------------------------------------------
SOLUTION         Tx       Ty       Tz        D        Rx        Ry        Rz      EPOCH
UNITS----------> mm       mm       mm       ppb       .001"     .001"     .001"
                 .        .        .         .        .         .         .
       RATES     Tx       Ty       Tz        D        Rx        Ry        Rz
UNITS----------> mm/y     mm/y     mm/y     ppb/y    .001"/y   .001"/y   .001"/y
-------------------------------------------------------------------------------------------
  ITRF2014       -1.4     -0.9      1.4     -0.42      0.00      0.00      0.00    ITRF2020  
       rates      0.0     -0.1      0.2      0.00      0.00      0.00      0.00    
  ITRF2008        0.2      1.0      3.3     -0.29      0.00      0.00      0.00    ITRF2020  
       rates      0.0     -0.1      0.1      0.03      0.00      0.00      0.00    
  ITRF2005        2.7      0.1     -1.4      0.65      0.00      0.00      0.00    ITRF2020  
       rates      0.3     -0.1      0.1      0.03      0.00      0.00      0.00    
  ITRF2000       -0.2      0.8    -34.2      2.25      0.00      0.00      0.00    ITRF2020  
       rates      0.1      0.0     -1.7      0.11      0.00      0.00      0.00    
  ITRF97          6.5     -3.9    -77.9      3.98      0.00      0.00      0.36    ITRF2020  
       rates      0.1     -0.6     -3.1      0.12      0.00      0.00      0.02    
  ITRF96          6.5     -3.9    -77.9      3.98      0.00      0.00      0.36    ITRF2020  
       rates      0.1     -0.6     -3.1      0.12      0.00      0.00      0.02    
  ITRF94          6.5     -3.9    -77.9      3.98      0.00      0.00      0.36    ITRF2020  
       rates      0.1     -0.6     -3.1      0.12      0.00      0.00      0.02    
  ITRF93        -65.8      1.9    -71.3      4.47     -3.36     -4.33      0.75    ITRF2020  
       rates     -2.8     -0.2     -2.3      0.12     -0.11     -0.19      0.07    
  ITRF92         14.5     -1.9    -85.9      3.27      0.00      0.00      0.36    ITRF2020  
       rates      0.1     -0.6     -3.1      0.12      0.00      0.00      0.02    
  ITRF91         26.5     12.1    -91.9      4.67      0.00      0.00      0.36    ITRF2020  
       rates      0.1     -0.6     -3.1      0.12      0.00      0.00      0.02    
  ITRF90         24.5      8.1   -107.9      4.97      0.00      0.00      0.36    ITRF2020  
       rates      0.1     -0.6     -3.1      0.12      0.00      0.00      0.02    
  ITRF89         29.5     32.1   -145.9      8.37      0.00      0.00      0.36    ITRF2020  
       rates      0.1     -0.6     -3.1      0.12      0.00      0.00      0.02    
  ITRF88         24.5     -3.9   -169.9     11.47      0.10      0.00      0.36    ITRF2020  
       rates      0.1     -0.6     -3.1      0.12      0.00      0.00      0.02     
  ITRF2008        1.6      1.9      2.4     -0.02      0.00      0.00      0.00    ITRF2014
       rates      0.0      0.0     -0.1      0.03      0.00      0.00      0.00          
  ITRF2005        2.6      1.0     -2.3      0.92      0.00      0.00      0.00    ITRF2014
       rates      0.3      0.0     -0.1      0.03      0.00      0.00      0.00          
  ITRF2000        0.7      1.2    -26.1      2.12      0.00      0.00      0.00    ITRF2014
       rates      0.1      0.1     -1.9      0.11      0.00      0.00      0.00          
  ITRF97          7.4     -0.5    -62.8      3.80      0.00      0.00      0.26    ITRF2014
       rates      0.1     -0.5     -3.3      0.12      0.00      0.00      0.02          
  ITRF96          7.4     -0.5    -62.8      3.80      0.00      0.00      0.26    ITRF2014
       rates      0.1     -0.5     -3.3      0.12      0.00      0.00      0.02          
  ITRF94          7.4     -0.5    -62.8      3.80      0.00      0.00      0.26    ITRF2014
       rates      0.1     -0.5     -3.3      0.12      0.00      0.00      0.02          
  ITRF93        -50.4      3.3    -60.2      4.29     -2.81     -3.38      0.40    ITRF2014
       rates     -2.8     -0.1     -2.5      0.12     -0.11     -0.19      0.07          
  ITRF92         15.4      1.5    -70.8      3.09      0.00      0.00      0.26    ITRF2014
       rates      0.1     -0.5     -3.3      0.12      0.00      0.00      0.02          
  ITRF91         27.4     15.5    -76.8      4.49      0.00      0.00      0.26    ITRF2014
       rates      0.1     -0.5     -3.3      0.12      0.00      0.00      0.02          
  ITRF90         25.4     11.5    -92.8      4.79      0.00      0.00      0.26    ITRF2014
       rates      0.1     -0.5     -3.3      0.12      0.00      0.00      0.02          
  ITRF89         30.4     35.5   -130.8      8.19      0.00      0.00      0.26    ITRF2014
       rates      0.1     -0.5     -3.3      0.12      0.00      0.00      0.02          
  ITRF88         25.4     -0.5   -154.8     11.29      0.10      0.00      0.26    ITRF2014
       rates      0.1     -0.5     -3.3      0.12      0.00      0.00      0.02
  ITRF2005	     -0.5     -0.9     -4.7      0.94      0.00      0.00      0.00	   ITRF2008
	   rates      0.3      0.0      0.0      0.00      0.00      0.00      0.00
  ITRF2000        0.1     -0.8     -5.8      0.40      0.00      0.00      0.00    ITRF2005
	   rates	 -0.2      0.1     -1.8      0.08      0.00      0.00      0.00   
  ITRF97         -6.7     -4.3    -22.7     -1.58      0.00      0.00     -0.06    ITRF2000
       rates      0.0      0.6      1.4     -0.01      0.00      0.00     -0.02          
___________________________________________________________________________________________