Column 1: Latitude [dec degrees]
Column 2: Longitude [dec degrees]
Column 3: Velocity in N-S direction [m/a]
Column 4: Velocity in W-E direction [m/a]


  20.0   -76.0    0.0106    0.0076
  20.0   -75.0    0.0112    0.0075
  20.0   -74.0    0.0118    0.0079
  20.0   -73.0    0.0124    0.0084
  20.0   -72.0    0.0130    0.0083
  19.0   -80.0    0.0080    0.0062
  19.0   -79.0    0.0089    0.0065
  19.0   -78.0    0.0097    0.0068
  19.0   -77.0    0.0094    0.0068
  19.0   -76.0    0.0103    0.0076
  19.0   -75.0    0.0114    0.0078
  19.0   -74.0    0.0119    0.0080
  19.0   -73.0    0.0123    0.0080
  19.0   -72.0    0.0125    0.0073
  19.0   -71.0    0.0132    0.0073
  19.0   -70.0    0.0128    0.0072
  19.0   -69.0    0.0126    0.0080
  19.0   -68.0    0.0124    0.0084
  19.0   -67.0    0.0122    0.0089
  19.0   -66.0    0.0124    0.0090
  19.0   -65.0    0.0125    0.0092
  19.0   -64.0    0.0129    0.0088
  19.0   -63.0    0.0132    0.0090
  19.0   -62.0    0.0133    0.0091
  18.0   -81.0    0.0102    0.0061
  18.0   -80.0    0.0102    0.0065
  18.0   -79.0    0.0102    0.0070
  18.0   -78.0    0.0098    0.0071
  18.0   -77.0    0.0082    0.0065
  18.0   -76.0    0.0100    0.0072
  18.0   -75.0    0.0115    0.0078
  18.0   -74.0    0.0121    0.0081
  18.0   -73.0    0.0123    0.0076
  18.0   -72.0    0.0128    0.0072
  18.0   -71.0    0.0133    0.0066
  18.0   -70.0    0.0128    0.0078
  18.0   -69.0    0.0127    0.0079
  18.0   -68.0    0.0125    0.0084
  18.0   -67.0    0.0122    0.0094
  18.0   -66.0    0.0125    0.0097
  18.0   -65.0    0.0125    0.0107
  18.0   -64.0    0.0128    0.0103
  18.0   -63.0    0.0130    0.0086
  18.0   -62.0    0.0133    0.0083
  18.0   -61.0    0.0135    0.0084
  18.0   -60.0    0.0137    0.0080
  17.0   -85.0    0.0074    0.0038
  17.0   -84.0    0.0085    0.0052
  17.0   -83.0    0.0094    0.0059
  17.0   -82.0    0.0101    0.0067
  17.0   -81.0    0.0103    0.0070
  17.0   -80.0    0.0107    0.0075
  17.0   -79.0    0.0105    0.0076
  17.0   -78.0    0.0104    0.0081
  17.0   -77.0    0.0100    0.0077
  17.0   -76.0    0.0110    0.0081
  17.0   -75.0    0.0118    0.0088
  17.0   -74.0    0.0123    0.0086
  17.0   -73.0    0.0124    0.0079
  17.0   -72.0    0.0127    0.0082
  17.0   -71.0    0.0127    0.0078
  17.0   -70.0    0.0129    0.0077
  17.0   -69.0    0.0128    0.0079
  17.0   -68.0    0.0127    0.0081
  17.0   -67.0    0.0126    0.0088
  17.0   -66.0    0.0126    0.0093
  17.0   -65.0    0.0127    0.0099
  17.0   -64.0    0.0129    0.0094
  17.0   -63.0    0.0132    0.0084
  17.0   -62.0    0.0133    0.0073
  17.0   -61.0    0.0135    0.0075
  17.0   -60.0    0.0137    0.0077
  17.0   -59.0    0.0140    0.0078
  16.0   -88.0    0.0038    0.0017
  16.0   -87.0    0.0052    0.0034
  16.0   -86.0    0.0066    0.0048
  16.0   -85.0    0.0080    0.0061
  16.0   -84.0    0.0088    0.0068
  16.0   -83.0    0.0096    0.0073
  16.0   -82.0    0.0101    0.0078
  16.0   -81.0    0.0104    0.0081
  16.0   -80.0    0.0109    0.0085
  16.0   -79.0    0.0111    0.0087
  16.0   -78.0    0.0112    0.0090
  16.0   -77.0    0.0116    0.0090
  16.0   -76.0    0.0120    0.0090
  16.0   -75.0    0.0121    0.0093
  16.0   -74.0    0.0123    0.0086
  16.0   -73.0    0.0125    0.0084
  16.0   -72.0    0.0129    0.0081
  16.0   -71.0    0.0129    0.0076
  16.0   -70.0    0.0129    0.0079
  16.0   -69.0    0.0129    0.0077
  16.0   -68.0    0.0129    0.0080
  16.0   -67.0    0.0128    0.0082
  16.0   -66.0    0.0128    0.0086
  16.0   -65.0    0.0129    0.0085
  16.0   -64.0    0.0130    0.0085
  16.0   -63.0    0.0132    0.0073
  16.0   -62.0    0.0133    0.0071
  16.0   -61.0    0.0135    0.0072
  16.0   -60.0    0.0136    0.0073
  16.0   -59.0    0.0137    0.0083
  15.0   -89.0    0.0045    0.0035
  15.0   -88.0    0.0046    0.0053
  15.0   -87.0    0.0056    0.0067
  15.0   -86.0    0.0073    0.0076
  15.0   -85.0    0.0086    0.0083
  15.0   -84.0    0.0091    0.0086
  15.0   -83.0    0.0096    0.0091
  15.0   -82.0    0.0098    0.0093
  15.0   -81.0    0.0105    0.0096
  15.0   -80.0    0.0112    0.0098
  15.0   -79.0    0.0117    0.0100
  15.0   -78.0    0.0120    0.0101
  15.0   -77.0    0.0124    0.0097
  15.0   -76.0    0.0126    0.0099
  15.0   -75.0    0.0124    0.0094
  15.0   -74.0    0.0124    0.0087
  15.0   -73.0    0.0127    0.0087
  15.0   -72.0    0.0129    0.0086
  15.0   -71.0    0.0130    0.0083
  15.0   -70.0    0.0131    0.0078
  15.0   -69.0    0.0131    0.0080
  15.0   -68.0    0.0129    0.0078
  15.0   -67.0    0.0128    0.0081
  15.0   -66.0    0.0128    0.0082
  15.0   -65.0    0.0129    0.0082
  15.0   -64.0    0.0132    0.0079
  15.0   -63.0    0.0133    0.0074
  15.0   -62.0    0.0136    0.0083
  15.0   -61.0    0.0137    0.0087
  15.0   -60.0    0.0141    0.0091
  15.0   -59.0    0.0133    0.0099
  14.0   -90.0    0.0054    0.0047
  14.0   -89.0    0.0066    0.0063
  14.0   -88.0    0.0052    0.0090
  14.0   -87.0    0.0057    0.0106
  14.0   -86.0    0.0086    0.0109
  14.0   -85.0    0.0093    0.0104
  14.0   -84.0    0.0096    0.0105
  14.0   -83.0    0.0096    0.0108
  14.0   -82.0    0.0096    0.0111
  14.0   -81.0    0.0102    0.0112
  14.0   -80.0    0.0114    0.0114
  14.0   -79.0    0.0122    0.0112
  14.0   -78.0    0.0124    0.0112
  14.0   -77.0    0.0129    0.0108
  14.0   -76.0    0.0127    0.0111
  14.0   -75.0    0.0128    0.0095
  14.0   -74.0    0.0126    0.0097
  14.0   -73.0    0.0127    0.0093
  14.0   -72.0    0.0129    0.0086
  14.0   -71.0    0.0130    0.0085
  14.0   -70.0    0.0132    0.0083
  14.0   -69.0    0.0132    0.0084
  14.0   -68.0    0.0130    0.0080
  14.0   -67.0    0.0127    0.0088
  14.0   -66.0    0.0127    0.0078
  14.0   -65.0    0.0130    0.0079
  14.0   -64.0    0.0133    0.0082
  14.0   -63.0    0.0134    0.0078
  14.0   -62.0    0.0137    0.0091
  14.0   -61.0    0.0136    0.0093
  14.0   -60.0    0.0142    0.0115
  14.0   -59.0    0.0137    0.0114
  14.0   -58.0    0.0140    0.0092
  13.0   -89.0    0.0074    0.0081
  13.0   -88.0    0.0069    0.0103
  13.0   -87.0    0.0078    0.0127
  13.0   -86.0    0.0098    0.0128
  13.0   -85.0    0.0100    0.0113
  13.0   -84.0    0.0101    0.0117
  13.0   -83.0    0.0097    0.0124
  13.0   -82.0    0.0084    0.0133
  13.0   -81.0    0.0098    0.0130
  13.0   -80.0    0.0117    0.0129
  13.0   -79.0    0.0124    0.0127
  13.0   -78.0    0.0128    0.0124
  13.0   -77.0    0.0131    0.0120
  13.0   -76.0    0.0128    0.0117
  13.0   -75.0    0.0126    0.0103
  13.0   -74.0    0.0127    0.0097
  13.0   -73.0    0.0129    0.0099
  13.0   -72.0    0.0132    0.0093
  13.0   -71.0    0.0131    0.0095
  13.0   -70.0    0.0135    0.0094
  13.0   -69.0    0.0134    0.0088
  13.0   -68.0    0.0132    0.0079
  13.0   -67.0    0.0129    0.0078
  13.0   -66.0    0.0127    0.0081
  13.0   -65.0    0.0128    0.0085
  13.0   -64.0    0.0134    0.0081
  13.0   -63.0    0.0139    0.0090
  13.0   -62.0    0.0140    0.0099
  13.0   -61.0    0.0142    0.0114
  13.0   -60.0    0.0146    0.0127
  13.0   -59.0    0.0141    0.0112
  13.0   -58.0    0.0135    0.0096
  12.0   -89.0    0.0077    0.0092
  12.0   -88.0    0.0081    0.0099
  12.0   -87.0    0.0089    0.0095
  12.0   -86.0    0.0096    0.0079
  12.0   -85.0    0.0110    0.0109
  12.0   -84.0    0.0109    0.0125
  12.0   -83.0    0.0107    0.0134
  12.0   -82.0    0.0099    0.0145
  12.0   -81.0    0.0102    0.0154
  12.0   -80.0    0.0118    0.0147
  12.0   -79.0    0.0129    0.0140
  12.0   -78.0    0.0132    0.0133
  12.0   -77.0    0.0131    0.0130
  12.0   -76.0    0.0125    0.0116
  12.0   -75.0    0.0124    0.0108
  12.0   -74.0    0.0130    0.0101
  12.0   -73.0    0.0132    0.0112
  12.0   -72.0    0.0133    0.0103
  12.0   -71.0    0.0133    0.0110
  12.0   -70.0    0.0140    0.0119
  12.0   -69.0    0.0137    0.0088
  12.0   -68.0    0.0134    0.0071
  12.0   -67.0    0.0129    0.0076
  12.0   -66.0    0.0126    0.0084
  12.0   -65.0    0.0132    0.0097
  12.0   -64.0    0.0140    0.0109
  12.0   -63.0    0.0141    0.0103
  12.0   -62.0    0.0140    0.0098
  12.0   -61.0    0.0141    0.0108
  12.0   -60.0    0.0141    0.0087
  12.0   -59.0    0.0135    0.0088
  12.0   -58.0    0.0133    0.0085
  11.0   -87.0    0.0099    0.0102
  11.0   -86.0    0.0118    0.0100
  11.0   -85.0    0.0131    0.0114
  11.0   -84.0    0.0128    0.0140
  11.0   -83.0    0.0120    0.0159
  11.0   -82.0    0.0116    0.0176
  11.0   -81.0    0.0119    0.0178
  11.0   -80.0    0.0127    0.0164
  11.0   -79.0    0.0131    0.0155
  11.0   -78.0    0.0134    0.0147
  11.0   -77.0    0.0131    0.0136
  11.0   -76.0    0.0116    0.0123
  11.0   -75.0    0.0119    0.0107
  11.0   -74.0    0.0133    0.0097
  11.0   -73.0    0.0136    0.0102
  11.0   -72.0    0.0128    0.0100
  11.0   -71.0    0.0135    0.0097
  11.0   -70.0    0.0142    0.0093
  11.0   -69.0    0.0139    0.0068
  11.0   -68.0    0.0134    0.0051
  11.0   -67.0    0.0132    0.0073
  11.0   -66.0    0.0124    0.0072
  11.0   -65.0    0.0135    0.0099
  11.0   -64.0    0.0140    0.0123
  11.0   -63.0    0.0139    0.0122
  11.0   -62.0    0.0134    0.0094
  11.0   -61.0    0.0134    0.0086
  11.0   -60.0    0.0135    0.0082
  11.0   -59.0    0.0132    0.0075
  11.0   -58.0    0.0128    0.0065
  10.0   -86.0    0.0126    0.0127
  10.0   -85.0    0.0149    0.0138
  10.0   -84.0    0.0174    0.0144
  10.0   -83.0    0.0089    0.0230
  10.0   -82.0    0.0138    0.0223
  10.0   -81.0    0.0130    0.0200
  10.0   -80.0    0.0127    0.0181
  10.0   -79.0    0.0129    0.0168
  10.0   -78.0    0.0135    0.0162
  10.0   -77.0    0.0128    0.0143
  10.0   -76.0    0.0107    0.0122
  10.0   -75.0    0.0113    0.0103
  10.0   -74.0    0.0133    0.0081
  10.0   -73.0    0.0141    0.0070
  10.0   -72.0    0.0135    0.0068
  10.0   -71.0    0.0138    0.0067
  10.0   -70.0    0.0148    0.0064
  10.0   -69.0    0.0117    0.0038
  10.0   -68.0    0.0111    0.0029
  10.0   -67.0    0.0111    0.0006
  10.0   -66.0    0.0123    0.0031
  10.0   -65.0    0.0131    0.0044
  10.0   -64.0    0.0126    0.0030
  10.0   -63.0    0.0125    0.0034
  10.0   -62.0    0.0128    0.0053
  10.0   -61.0    0.0130    0.0054
  10.0   -60.0    0.0116    0.0054
  10.0   -59.0    0.0120    0.0048
  10.0   -58.0    0.0125    0.0044
   9.0   -84.0    0.0170    0.0201
   9.0   -83.0    0.0178    0.0223
   9.0   -82.0    0.0155    0.0242
   9.0   -81.0    0.0133    0.0224
   9.0   -80.0    0.0120    0.0198
   9.0   -79.0    0.0127    0.0193
   9.0   -78.0    0.0135    0.0188
   9.0   -77.0    0.0128    0.0149
   9.0   -76.0    0.0095    0.0124
   9.0   -75.0    0.0117    0.0099
   9.0   -74.0    0.0133    0.0073
   9.0   -73.0    0.0141    0.0061
   9.0   -72.0    0.0140    0.0042
   9.0   -71.0    0.0137    0.0027
   9.0   -70.0    0.0113    0.0005
   9.0   -69.0    0.0112    0.0012
   9.0   -68.0    0.0113   -0.0011
   9.0   -67.0    0.0118   -0.0016
   9.0   -66.0    0.0123    0.0004
   9.0   -65.0    0.0127    0.0011
   9.0   -64.0    0.0129    0.0007
   9.0   -63.0    0.0127    0.0014
   9.0   -62.0    0.0128    0.0023
   9.0   -61.0    0.0130    0.0031
   9.0   -60.0    0.0132    0.0036
   9.0   -59.0    0.0126    0.0030
   9.0   -58.0    0.0121    0.0023
   8.0   -83.0    0.0164    0.0228
   8.0   -82.0    0.0152    0.0241
   8.0   -81.0    0.0133    0.0240
   8.0   -80.0    0.0126    0.0232
   8.0   -79.0    0.0137    0.0211
   8.0   -78.0    0.0136    0.0210
   8.0   -77.0    0.0126    0.0138
   8.0   -76.0    0.0115    0.0106
   8.0   -75.0    0.0124    0.0076
   8.0   -74.0    0.0136    0.0056
   8.0   -73.0    0.0140    0.0043
   8.0   -72.0    0.0132    0.0010
   8.0   -71.0    0.0122   -0.0006
   8.0   -70.0    0.0115   -0.0012
   8.0   -69.0    0.0116   -0.0004
   8.0   -68.0    0.0113   -0.0010
   8.0   -67.0    0.0118   -0.0010
   8.0   -66.0    0.0121   -0.0006
   8.0   -65.0    0.0124   -0.0003
   8.0   -64.0    0.0127   -0.0004
   8.0   -63.0    0.0127    0.0000
   8.0   -62.0    0.0125    0.0008
   8.0   -61.0    0.0123    0.0012
   8.0   -60.0    0.0122    0.0012
   8.0   -59.0    0.0121    0.0010
   8.0   -58.0    0.0120    0.0007
   7.0   -82.0    0.0145    0.0210
   7.0   -81.0    0.0139    0.0208
   7.0   -80.0    0.0137    0.0199
   7.0   -79.0    0.0141    0.0176
   7.0   -78.0    0.0138    0.0144
   7.0   -77.0    0.0131    0.0100
   7.0   -76.0    0.0130    0.0067
   7.0   -75.0    0.0131    0.0059
   7.0   -74.0    0.0137    0.0042
   7.0   -73.0    0.0145    0.0030
   7.0   -72.0    0.0126    0.0016
   7.0   -71.0    0.0122    0.0004
   7.0   -70.0    0.0118   -0.0004
   7.0   -69.0    0.0116   -0.0006
   7.0   -68.0    0.0111   -0.0008
   7.0   -67.0    0.0112   -0.0012
   7.0   -66.0    0.0117   -0.0013
   7.0   -65.0    0.0120   -0.0013
   7.0   -64.0    0.0122   -0.0013
   7.0   -63.0    0.0124   -0.0009
   7.0   -62.0    0.0119   -0.0005
   7.0   -61.0    0.0120   -0.0002
   7.0   -60.0    0.0120   -0.0002
   7.0   -59.0    0.0118   -0.0006
   7.0   -58.0    0.0117   -0.0010
   7.0   -57.0    0.0116   -0.0013
   6.0   -78.0    0.0135    0.0099
   6.0   -77.0    0.0137    0.0075
   6.0   -76.0    0.0135    0.0043
   6.0   -75.0    0.0142    0.0060
   6.0   -74.0    0.0134    0.0037
   6.0   -73.0    0.0145    0.0013
   6.0   -72.0    0.0121   -0.0004
   6.0   -71.0    0.0120    0.0001
   6.0   -70.0    0.0119   -0.0003
   6.0   -69.0    0.0115   -0.0012
   6.0   -68.0    0.0107   -0.0013
   6.0   -67.0    0.0105   -0.0013
   6.0   -66.0    0.0114   -0.0017
   6.0   -65.0    0.0116   -0.0021
   6.0   -64.0    0.0122   -0.0015
   6.0   -63.0    0.0122   -0.0016
   6.0   -62.0    0.0118   -0.0012
   6.0   -61.0    0.0118   -0.0011
   6.0   -60.0    0.0118   -0.0013
   6.0   -59.0    0.0117   -0.0017
   6.0   -58.0    0.0116   -0.0015
   6.0   -57.0    0.0114   -0.0025
   6.0   -56.0    0.0112   -0.0028
   6.0   -55.0    0.0109   -0.0031
   6.0   -54.0    0.0113   -0.0027
   6.0   -53.0    0.0117   -0.0026
   5.0   -78.0    0.0133    0.0092
   5.0   -77.0    0.0135    0.0062
   5.0   -76.0    0.0146    0.0053
   5.0   -75.0    0.0159    0.0037
   5.0   -74.0    0.0123    0.0018
   5.0   -73.0    0.0122   -0.0014
   5.0   -72.0    0.0112   -0.0026
   5.0   -71.0    0.0119   -0.0011
   5.0   -70.0    0.0117   -0.0016
   5.0   -69.0    0.0112   -0.0025
   5.0   -68.0    0.0103   -0.0033
   5.0   -67.0    0.0105   -0.0028
   5.0   -66.0    0.0110   -0.0026
   5.0   -65.0    0.0115   -0.0026
   5.0   -64.0    0.0117   -0.0026
   5.0   -63.0    0.0118   -0.0023
   5.0   -62.0    0.0117   -0.0018
   5.0   -61.0    0.0116   -0.0016
   5.0   -60.0    0.0117   -0.0020
   5.0   -59.0    0.0115   -0.0024
   5.0   -58.0    0.0114   -0.0028
   5.0   -57.0    0.0113   -0.0032
   5.0   -56.0    0.0110   -0.0035
   5.0   -55.0    0.0110   -0.0036
   5.0   -54.0    0.0114   -0.0033
   5.0   -53.0    0.0119   -0.0032
   5.0   -52.0    0.0118   -0.0031
   4.0   -78.0    0.0130    0.0073
   4.0   -77.0    0.0132    0.0054
   4.0   -76.0    0.0134    0.0044
   4.0   -75.0    0.0143    0.0016
   4.0   -74.0    0.0124   -0.0021
   4.0   -73.0    0.0108   -0.0020
   4.0   -72.0    0.0117   -0.0015
   4.0   -71.0    0.0118   -0.0016
   4.0   -70.0    0.0114   -0.0023
   4.0   -69.0    0.0105   -0.0047
   4.0   -68.0    0.0095   -0.0070
   4.0   -67.0    0.0108   -0.0048
   4.0   -66.0    0.0112   -0.0036
   4.0   -65.0    0.0115   -0.0031
   4.0   -64.0    0.0117   -0.0028
   4.0   -63.0    0.0117   -0.0027
   4.0   -62.0    0.0116   -0.0025
   4.0   -61.0    0.0116   -0.0025
   4.0   -60.0    0.0116   -0.0026
   4.0   -59.0    0.0115   -0.0029
   4.0   -58.0    0.0114   -0.0031
   4.0   -57.0    0.0113   -0.0034
   4.0   -56.0    0.0112   -0.0035
   4.0   -55.0    0.0113   -0.0035
   4.0   -54.0    0.0115   -0.0032
   4.0   -53.0    0.0118   -0.0031
   4.0   -52.0    0.0119   -0.0032
   4.0   -51.0    0.0118   -0.0031
   3.0   -78.0    0.0122    0.0070
   3.0   -77.0    0.0129    0.0041
   3.0   -76.0    0.0127    0.0028
   3.0   -75.0    0.0134    0.0022
   3.0   -74.0    0.0124    0.0003
   3.0   -73.0    0.0123   -0.0007
   3.0   -72.0    0.0120   -0.0006
   3.0   -71.0    0.0117   -0.0017
   3.0   -70.0    0.0111   -0.0029
   3.0   -69.0    0.0107   -0.0046
   3.0   -68.0    0.0103   -0.0049
   3.0   -67.0    0.0111   -0.0045
   3.0   -66.0    0.0114   -0.0035
   3.0   -65.0    0.0116   -0.0032
   3.0   -64.0    0.0117   -0.0031
   3.0   -63.0    0.0117   -0.0030
   3.0   -62.0    0.0116   -0.0030
   3.0   -61.0    0.0116   -0.0031
   3.0   -60.0    0.0115   -0.0032
   3.0   -59.0    0.0114   -0.0034
   3.0   -58.0    0.0114   -0.0036
   3.0   -57.0    0.0115   -0.0036
   3.0   -56.0    0.0114   -0.0035
   3.0   -55.0    0.0116   -0.0036
   3.0   -54.0    0.0116   -0.0035
   3.0   -53.0    0.0118   -0.0034
   3.0   -52.0    0.0119   -0.0034
   3.0   -51.0    0.0118   -0.0033
   2.0   -79.0    0.0109    0.0108
   2.0   -78.0    0.0114    0.0076
   2.0   -77.0    0.0114    0.0046
   2.0   -76.0    0.0107    0.0019
   2.0   -75.0    0.0111    0.0006
   2.0   -74.0    0.0120    0.0008
   2.0   -73.0    0.0121   -0.0001
   2.0   -72.0    0.0120   -0.0002
   2.0   -71.0    0.0115   -0.0015
   2.0   -70.0    0.0110   -0.0030
   2.0   -69.0    0.0107   -0.0035
   2.0   -68.0    0.0107   -0.0039
   2.0   -67.0    0.0112   -0.0034
   2.0   -66.0    0.0115   -0.0033
   2.0   -65.0    0.0116   -0.0033
   2.0   -64.0    0.0116   -0.0033
   2.0   -63.0    0.0116   -0.0033
   2.0   -62.0    0.0115   -0.0034
   2.0   -61.0    0.0114   -0.0035
   2.0   -60.0    0.0115   -0.0036
   2.0   -59.0    0.0114   -0.0037
   2.0   -58.0    0.0115   -0.0037
   2.0   -57.0    0.0115   -0.0038
   2.0   -56.0    0.0115   -0.0037
   2.0   -55.0    0.0116   -0.0037
   2.0   -54.0    0.0118   -0.0037
   2.0   -53.0    0.0119   -0.0036
   2.0   -52.0    0.0119   -0.0035
   2.0   -51.0    0.0119   -0.0035
   2.0   -50.0    0.0120   -0.0034
   1.0   -80.0    0.0123    0.0153
   1.0   -79.0    0.0118    0.0107
   1.0   -78.0    0.0118    0.0070
   1.0   -77.0    0.0112    0.0055
   1.0   -76.0    0.0088    0.0026
   1.0   -75.0    0.0104    0.0015
   1.0   -74.0    0.0114    0.0009
   1.0   -73.0    0.0119    0.0002
   1.0   -72.0    0.0116   -0.0007
   1.0   -71.0    0.0112   -0.0019
   1.0   -70.0    0.0110   -0.0027
   1.0   -69.0    0.0109   -0.0029
   1.0   -68.0    0.0111   -0.0029
   1.0   -67.0    0.0113   -0.0030
   1.0   -66.0    0.0115   -0.0031
   1.0   -65.0    0.0115   -0.0033
   1.0   -64.0    0.0116   -0.0034
   1.0   -63.0    0.0116   -0.0036
   1.0   -62.0    0.0114   -0.0037
   1.0   -61.0    0.0114   -0.0038
   1.0   -60.0    0.0115   -0.0038
   1.0   -59.0    0.0114   -0.0038
   1.0   -58.0    0.0115   -0.0038
   1.0   -57.0    0.0116   -0.0038
   1.0   -56.0    0.0116   -0.0038
   1.0   -55.0    0.0117   -0.0037
   1.0   -54.0    0.0118   -0.0037
   1.0   -53.0    0.0120   -0.0036
   1.0   -52.0    0.0120   -0.0036
   1.0   -51.0    0.0121   -0.0036
   1.0   -50.0    0.0121   -0.0036
   0.0   -80.0    0.0114    0.0119
   0.0   -79.0    0.0106    0.0088
   0.0   -78.0    0.0109    0.0038
   0.0   -77.0    0.0093   -0.0015
   0.0   -76.0    0.0094    0.0014
   0.0   -75.0    0.0104    0.0019
   0.0   -74.0    0.0111    0.0014
   0.0   -73.0    0.0114    0.0000
   0.0   -72.0    0.0115   -0.0007
   0.0   -71.0    0.0111   -0.0019
   0.0   -70.0    0.0111   -0.0022
   0.0   -69.0    0.0110   -0.0026
   0.0   -68.0    0.0112   -0.0027
   0.0   -67.0    0.0113   -0.0029
   0.0   -66.0    0.0114   -0.0031
   0.0   -65.0    0.0115   -0.0033
   0.0   -64.0    0.0115   -0.0035
   0.0   -63.0    0.0115   -0.0037
   0.0   -62.0    0.0114   -0.0038
   0.0   -61.0    0.0114   -0.0039
   0.0   -60.0    0.0115   -0.0040
   0.0   -59.0    0.0114   -0.0040
   0.0   -58.0    0.0115   -0.0040
   0.0   -57.0    0.0116   -0.0039
   0.0   -56.0    0.0116   -0.0038
   0.0   -55.0    0.0117   -0.0038
   0.0   -54.0    0.0118   -0.0038
   0.0   -53.0    0.0120   -0.0037
   0.0   -52.0    0.0121   -0.0037
   0.0   -51.0    0.0122   -0.0037
   0.0   -50.0    0.0123   -0.0039
   0.0   -49.0    0.0123   -0.0040
   0.0   -48.0    0.0122   -0.0040
   0.0   -47.0    0.0119   -0.0038
  -1.0   -81.0    0.0118    0.0131
  -1.0   -80.0    0.0105    0.0103
  -1.0   -79.0    0.0092    0.0054
  -1.0   -78.0    0.0083    0.0036
  -1.0   -77.0    0.0092    0.0025
  -1.0   -76.0    0.0099    0.0023
  -1.0   -75.0    0.0105    0.0022
  -1.0   -74.0    0.0108    0.0014
  -1.0   -73.0    0.0110    0.0004
  -1.0   -72.0    0.0110   -0.0010
  -1.0   -71.0    0.0111   -0.0017
  -1.0   -70.0    0.0110   -0.0021
  -1.0   -69.0    0.0111   -0.0024
  -1.0   -68.0    0.0112   -0.0026
  -1.0   -67.0    0.0113   -0.0029
  -1.0   -66.0    0.0114   -0.0031
  -1.0   -65.0    0.0114   -0.0033
  -1.0   -64.0    0.0114   -0.0036
  -1.0   -63.0    0.0114   -0.0037
  -1.0   -62.0    0.0114   -0.0039
  -1.0   -61.0    0.0114   -0.0040
  -1.0   -60.0    0.0115   -0.0041
  -1.0   -59.0    0.0114   -0.0041
  -1.0   -58.0    0.0115   -0.0041
  -1.0   -57.0    0.0116   -0.0040
  -1.0   -56.0    0.0116   -0.0039
  -1.0   -55.0    0.0118   -0.0039
  -1.0   -54.0    0.0118   -0.0037
  -1.0   -53.0    0.0120   -0.0037
  -1.0   -52.0    0.0121   -0.0038
  -1.0   -51.0    0.0121   -0.0040
  -1.0   -50.0    0.0123   -0.0042
  -1.0   -49.0    0.0126   -0.0046
  -1.0   -48.0    0.0124   -0.0045
  -1.0   -47.0    0.0120   -0.0042
  -1.0   -46.0    0.0119   -0.0039
  -1.0   -45.0    0.0118   -0.0037
  -2.0   -81.0    0.0103    0.0090
  -2.0   -80.0    0.0087    0.0076
  -2.0   -79.0    0.0068    0.0040
  -2.0   -78.0    0.0073    0.0037
  -2.0   -77.0    0.0089    0.0032
  -2.0   -76.0    0.0097    0.0025
  -2.0   -75.0    0.0103    0.0018
  -2.0   -74.0    0.0107    0.0013
  -2.0   -73.0    0.0107    0.0001
  -2.0   -72.0    0.0109   -0.0005
  -2.0   -71.0    0.0112   -0.0013
  -2.0   -70.0    0.0111   -0.0018
  -2.0   -69.0    0.0111   -0.0022
  -2.0   -68.0    0.0112   -0.0026
  -2.0   -67.0    0.0113   -0.0028
  -2.0   -66.0    0.0113   -0.0031
  -2.0   -65.0    0.0114   -0.0034
  -2.0   -64.0    0.0113   -0.0037
  -2.0   -63.0    0.0114   -0.0038
  -2.0   -62.0    0.0113   -0.0041
  -2.0   -61.0    0.0114   -0.0043
  -2.0   -60.0    0.0114   -0.0046
  -2.0   -59.0    0.0113   -0.0044
  -2.0   -58.0    0.0115   -0.0043
  -2.0   -57.0    0.0116   -0.0041
  -2.0   -56.0    0.0117   -0.0040
  -2.0   -55.0    0.0118   -0.0039
  -2.0   -54.0    0.0119   -0.0039
  -2.0   -53.0    0.0120   -0.0039
  -2.0   -52.0    0.0120   -0.0039
  -2.0   -51.0    0.0121   -0.0040
  -2.0   -50.0    0.0123   -0.0042
  -2.0   -49.0    0.0125   -0.0044
  -2.0   -48.0    0.0125   -0.0044
  -2.0   -47.0    0.0122   -0.0042
  -2.0   -46.0    0.0120   -0.0040
  -2.0   -45.0    0.0119   -0.0038
  -2.0   -44.0    0.0118   -0.0037
  -2.0   -43.0    0.0117   -0.0036
  -3.0   -81.0    0.0090    0.0070
  -3.0   -80.0    0.0080    0.0053
  -3.0   -79.0    0.0071    0.0041
  -3.0   -78.0    0.0076    0.0035
  -3.0   -77.0    0.0089    0.0031
  -3.0   -76.0    0.0098    0.0027
  -3.0   -75.0    0.0103    0.0019
  -3.0   -74.0    0.0105    0.0014
  -3.0   -73.0    0.0107    0.0006
  -3.0   -72.0    0.0109   -0.0002
  -3.0   -71.0    0.0109   -0.0010
  -3.0   -70.0    0.0109   -0.0017
  -3.0   -69.0    0.0111   -0.0022
  -3.0   -68.0    0.0113   -0.0024
  -3.0   -67.0    0.0113   -0.0027
  -3.0   -66.0    0.0114   -0.0030
  -3.0   -65.0    0.0113   -0.0033
  -3.0   -64.0    0.0113   -0.0035
  -3.0   -63.0    0.0113   -0.0039
  -3.0   -62.0    0.0113   -0.0042
  -3.0   -61.0    0.0113   -0.0047
  -3.0   -60.0    0.0112   -0.0056
  -3.0   -59.0    0.0114   -0.0047
  -3.0   -58.0    0.0116   -0.0043
  -3.0   -57.0    0.0117   -0.0041
  -3.0   -56.0    0.0117   -0.0040
  -3.0   -55.0    0.0118   -0.0039
  -3.0   -54.0    0.0119   -0.0038
  -3.0   -53.0    0.0120   -0.0039
  -3.0   -52.0    0.0120   -0.0040
  -3.0   -51.0    0.0121   -0.0040
  -3.0   -50.0    0.0122   -0.0041
  -3.0   -49.0    0.0123   -0.0042
  -3.0   -48.0    0.0123   -0.0042
  -3.0   -47.0    0.0122   -0.0042
  -3.0   -46.0    0.0121   -0.0040
  -3.0   -45.0    0.0119   -0.0039
  -3.0   -44.0    0.0118   -0.0038
  -3.0   -43.0    0.0117   -0.0037
  -3.0   -42.0    0.0117   -0.0036
  -3.0   -41.0    0.0117   -0.0035
  -3.0   -40.0    0.0117   -0.0035
  -3.0   -39.0    0.0118   -0.0035
  -4.0   -81.0    0.0078    0.0062
  -4.0   -80.0    0.0071    0.0044
  -4.0   -79.0    0.0065    0.0004
  -4.0   -78.0    0.0082    0.0029
  -4.0   -77.0    0.0092    0.0032
  -4.0   -76.0    0.0100    0.0028
  -4.0   -75.0    0.0104    0.0018
  -4.0   -74.0    0.0106    0.0014
  -4.0   -73.0    0.0106    0.0011
  -4.0   -72.0    0.0108   -0.0001
  -4.0   -71.0    0.0110   -0.0009
  -4.0   -70.0    0.0109   -0.0016
  -4.0   -69.0    0.0112   -0.0020
  -4.0   -68.0    0.0113   -0.0023
  -4.0   -67.0    0.0114   -0.0026
  -4.0   -66.0    0.0114   -0.0029
  -4.0   -65.0    0.0113   -0.0032
  -4.0   -64.0    0.0112   -0.0035
  -4.0   -63.0    0.0113   -0.0037
  -4.0   -62.0    0.0112   -0.0041
  -4.0   -61.0    0.0112   -0.0044
  -4.0   -60.0    0.0114   -0.0045
  -4.0   -59.0    0.0115   -0.0044
  -4.0   -58.0    0.0116   -0.0042
  -4.0   -57.0    0.0117   -0.0041
  -4.0   -56.0    0.0117   -0.0040
  -4.0   -55.0    0.0118   -0.0039
  -4.0   -54.0    0.0118   -0.0039
  -4.0   -53.0    0.0119   -0.0038
  -4.0   -52.0    0.0120   -0.0039
  -4.0   -51.0    0.0120   -0.0039
  -4.0   -50.0    0.0121   -0.0040
  -4.0   -49.0    0.0122   -0.0041
  -4.0   -48.0    0.0121   -0.0041
  -4.0   -47.0    0.0120   -0.0041
  -4.0   -46.0    0.0120   -0.0040
  -4.0   -45.0    0.0119   -0.0039
  -4.0   -44.0    0.0118   -0.0038
  -4.0   -43.0    0.0118   -0.0038
  -4.0   -42.0    0.0117   -0.0037
  -4.0   -41.0    0.0117   -0.0036
  -4.0   -40.0    0.0117   -0.0036
  -4.0   -39.0    0.0118   -0.0036
  -4.0   -38.0    0.0118   -0.0036
  -4.0   -37.0    0.0116   -0.0034
  -5.0   -81.0    0.0060    0.0053
  -5.0   -80.0    0.0064    0.0042
  -5.0   -79.0    0.0076    0.0036
  -5.0   -78.0    0.0088    0.0034
  -5.0   -77.0    0.0097    0.0032
  -5.0   -76.0    0.0103    0.0025
  -5.0   -75.0    0.0107    0.0019
  -5.0   -74.0    0.0108    0.0012
  -5.0   -73.0    0.0108    0.0005
  -5.0   -72.0    0.0110   -0.0003
  -5.0   -71.0    0.0111   -0.0010
  -5.0   -70.0    0.0111   -0.0015
  -5.0   -69.0    0.0114   -0.0018
  -5.0   -68.0    0.0114   -0.0021
  -5.0   -67.0    0.0114   -0.0023
  -5.0   -66.0    0.0114   -0.0026
  -5.0   -65.0    0.0113   -0.0031
  -5.0   -64.0    0.0113   -0.0033
  -5.0   -63.0    0.0113   -0.0036
  -5.0   -62.0    0.0112   -0.0038
  -5.0   -61.0    0.0113   -0.0040
  -5.0   -60.0    0.0114   -0.0040
  -5.0   -59.0    0.0115   -0.0041
  -5.0   -58.0    0.0116   -0.0040
  -5.0   -57.0    0.0118   -0.0039
  -5.0   -56.0    0.0118   -0.0038
  -5.0   -55.0    0.0119   -0.0038
  -5.0   -54.0    0.0118   -0.0037
  -5.0   -53.0    0.0119   -0.0038
  -5.0   -52.0    0.0120   -0.0039
  -5.0   -51.0    0.0120   -0.0039
  -5.0   -50.0    0.0121   -0.0039
  -5.0   -49.0    0.0120   -0.0040
  -5.0   -48.0    0.0120   -0.0042
  -5.0   -47.0    0.0119   -0.0042
  -5.0   -46.0    0.0120   -0.0041
  -5.0   -45.0    0.0120   -0.0040
  -5.0   -44.0    0.0119   -0.0039
  -5.0   -43.0    0.0118   -0.0037
  -5.0   -42.0    0.0117   -0.0036
  -5.0   -41.0    0.0117   -0.0036
  -5.0   -40.0    0.0117   -0.0035
  -5.0   -39.0    0.0118   -0.0034
  -5.0   -38.0    0.0118   -0.0035
  -5.0   -37.0    0.0117   -0.0035
  -5.0   -36.0    0.0114   -0.0034
  -5.0   -35.0    0.0113   -0.0033
  -6.0   -81.0    0.0069    0.0058
  -6.0   -80.0    0.0073    0.0051
  -6.0   -79.0    0.0083    0.0043
  -6.0   -78.0    0.0093    0.0038
  -6.0   -77.0    0.0101    0.0028
  -6.0   -76.0    0.0105    0.0020
  -6.0   -75.0    0.0107    0.0014
  -6.0   -74.0    0.0107    0.0003
  -6.0   -73.0    0.0109   -0.0002
  -6.0   -72.0    0.0112   -0.0005
  -6.0   -71.0    0.0113   -0.0009
  -6.0   -70.0    0.0114   -0.0014
  -6.0   -69.0    0.0115   -0.0016
  -6.0   -68.0    0.0115   -0.0019
  -6.0   -67.0    0.0115   -0.0022
  -6.0   -66.0    0.0114   -0.0025
  -6.0   -65.0    0.0113   -0.0029
  -6.0   -64.0    0.0112   -0.0032
  -6.0   -63.0    0.0112   -0.0035
  -6.0   -62.0    0.0112   -0.0036
  -6.0   -61.0    0.0113   -0.0037
  -6.0   -60.0    0.0115   -0.0038
  -6.0   -59.0    0.0115   -0.0038
  -6.0   -58.0    0.0117   -0.0038
  -6.0   -57.0    0.0118   -0.0037
  -6.0   -56.0    0.0118   -0.0038
  -6.0   -55.0    0.0119   -0.0037
  -6.0   -54.0    0.0119   -0.0037
  -6.0   -53.0    0.0120   -0.0037
  -6.0   -52.0    0.0119   -0.0038
  -6.0   -51.0    0.0119   -0.0039
  -6.0   -50.0    0.0120   -0.0039
  -6.0   -49.0    0.0120   -0.0040
  -6.0   -48.0    0.0119   -0.0040
  -6.0   -47.0    0.0119   -0.0041
  -6.0   -46.0    0.0120   -0.0040
  -6.0   -45.0    0.0119   -0.0039
  -6.0   -44.0    0.0119   -0.0039
  -6.0   -43.0    0.0118   -0.0037
  -6.0   -42.0    0.0118   -0.0036
  -6.0   -41.0    0.0118   -0.0035
  -6.0   -40.0    0.0117   -0.0034
  -6.0   -39.0    0.0117   -0.0033
  -6.0   -38.0    0.0117   -0.0033
  -6.0   -37.0    0.0117   -0.0035
  -6.0   -36.0    0.0115   -0.0034
  -6.0   -35.0    0.0114   -0.0033
  -7.0   -80.0    0.0082    0.0055
  -7.0   -79.0    0.0088    0.0048
  -7.0   -78.0    0.0094    0.0040
  -7.0   -77.0    0.0102    0.0029
  -7.0   -76.0    0.0107    0.0016
  -7.0   -75.0    0.0107   -0.0000
  -7.0   -74.0    0.0108   -0.0009
  -7.0   -73.0    0.0112   -0.0009
  -7.0   -72.0    0.0115   -0.0009
  -7.0   -71.0    0.0116   -0.0010
  -7.0   -70.0    0.0116   -0.0013
  -7.0   -69.0    0.0116   -0.0015
  -7.0   -68.0    0.0116   -0.0017
  -7.0   -67.0    0.0115   -0.0020
  -7.0   -66.0    0.0115   -0.0023
  -7.0   -65.0    0.0113   -0.0028
  -7.0   -64.0    0.0111   -0.0031
  -7.0   -63.0    0.0111   -0.0035
  -7.0   -62.0    0.0112   -0.0035
  -7.0   -61.0    0.0114   -0.0036
  -7.0   -60.0    0.0115   -0.0036
  -7.0   -59.0    0.0116   -0.0036
  -7.0   -58.0    0.0117   -0.0036
  -7.0   -57.0    0.0118   -0.0036
  -7.0   -56.0    0.0118   -0.0036
  -7.0   -55.0    0.0119   -0.0036
  -7.0   -54.0    0.0119   -0.0036
  -7.0   -53.0    0.0120   -0.0037
  -7.0   -52.0    0.0119   -0.0037
  -7.0   -51.0    0.0119   -0.0037
  -7.0   -50.0    0.0120   -0.0038
  -7.0   -49.0    0.0119   -0.0039
  -7.0   -48.0    0.0119   -0.0039
  -7.0   -47.0    0.0119   -0.0039
  -7.0   -46.0    0.0120   -0.0039
  -7.0   -45.0    0.0120   -0.0039
  -7.0   -44.0    0.0119   -0.0038
  -7.0   -43.0    0.0119   -0.0036
  -7.0   -42.0    0.0118   -0.0036
  -7.0   -41.0    0.0118   -0.0035
  -7.0   -40.0    0.0117   -0.0032
  -7.0   -39.0    0.0117   -0.0032
  -7.0   -38.0    0.0117   -0.0033
  -7.0   -37.0    0.0117   -0.0034
  -7.0   -36.0    0.0115   -0.0033
  -7.0   -35.0    0.0115   -0.0032
  -8.0   -80.0    0.0086    0.0066
  -8.0   -79.0    0.0091    0.0060
  -8.0   -78.0    0.0096    0.0048
  -8.0   -77.0    0.0104    0.0033
  -8.0   -76.0    0.0107    0.0009
  -8.0   -75.0    0.0110   -0.0019
  -8.0   -74.0    0.0111   -0.0021
  -8.0   -73.0    0.0118   -0.0013
  -8.0   -72.0    0.0120   -0.0009
  -8.0   -71.0    0.0120   -0.0008
  -8.0   -70.0    0.0121   -0.0009
  -8.0   -69.0    0.0118   -0.0013
  -8.0   -68.0    0.0116   -0.0016
  -8.0   -67.0    0.0116   -0.0019
  -8.0   -66.0    0.0114   -0.0025
  -8.0   -65.0    0.0111   -0.0030
  -8.0   -64.0    0.0102   -0.0042
  -8.0   -63.0    0.0109   -0.0038
  -8.0   -62.0    0.0112   -0.0036
  -8.0   -61.0    0.0114   -0.0034
  -8.0   -60.0    0.0116   -0.0034
  -8.0   -59.0    0.0117   -0.0034
  -8.0   -58.0    0.0117   -0.0035
  -8.0   -57.0    0.0119   -0.0035
  -8.0   -56.0    0.0118   -0.0034
  -8.0   -55.0    0.0119   -0.0035
  -8.0   -54.0    0.0119   -0.0036
  -8.0   -53.0    0.0120   -0.0036
  -8.0   -52.0    0.0119   -0.0036
  -8.0   -51.0    0.0119   -0.0037
  -8.0   -50.0    0.0120   -0.0037
  -8.0   -49.0    0.0119   -0.0038
  -8.0   -48.0    0.0120   -0.0038
  -8.0   -47.0    0.0119   -0.0038
  -8.0   -46.0    0.0121   -0.0039
  -8.0   -45.0    0.0120   -0.0039
  -8.0   -44.0    0.0120   -0.0037
  -8.0   -43.0    0.0120   -0.0036
  -8.0   -42.0    0.0119   -0.0035
  -8.0   -41.0    0.0119   -0.0035
  -8.0   -40.0    0.0118   -0.0033
  -8.0   -39.0    0.0117   -0.0033
  -8.0   -38.0    0.0117   -0.0034
  -8.0   -37.0    0.0117   -0.0034
  -8.0   -36.0    0.0116   -0.0033
  -8.0   -35.0    0.0117   -0.0031
  -9.0   -79.0    0.0093    0.0073
  -9.0   -78.0    0.0097    0.0060
  -9.0   -77.0    0.0104    0.0045
  -9.0   -76.0    0.0108    0.0022
  -9.0   -75.0    0.0111   -0.0003
  -9.0   -74.0    0.0123   -0.0006
  -9.0   -73.0    0.0126   -0.0004
  -9.0   -72.0    0.0127   -0.0003
  -9.0   -71.0    0.0126   -0.0004
  -9.0   -70.0    0.0123   -0.0007
  -9.0   -69.0    0.0120   -0.0011
  -9.0   -68.0    0.0117   -0.0014
  -9.0   -67.0    0.0116   -0.0017
  -9.0   -66.0    0.0114   -0.0024
  -9.0   -65.0    0.0109   -0.0033
  -9.0   -64.0    0.0097   -0.0046
  -9.0   -63.0    0.0109   -0.0037
  -9.0   -62.0    0.0113   -0.0033
  -9.0   -61.0    0.0116   -0.0032
  -9.0   -60.0    0.0117   -0.0032
  -9.0   -59.0    0.0117   -0.0033
  -9.0   -58.0    0.0118   -0.0033
  -9.0   -57.0    0.0118   -0.0033
  -9.0   -56.0    0.0118   -0.0033
  -9.0   -55.0    0.0119   -0.0033
  -9.0   -54.0    0.0119   -0.0033
  -9.0   -53.0    0.0120   -0.0035
  -9.0   -52.0    0.0119   -0.0036
  -9.0   -51.0    0.0119   -0.0036
  -9.0   -50.0    0.0120   -0.0037
  -9.0   -49.0    0.0120   -0.0037
  -9.0   -48.0    0.0120   -0.0037
  -9.0   -47.0    0.0120   -0.0038
  -9.0   -46.0    0.0121   -0.0038
  -9.0   -45.0    0.0121   -0.0038
  -9.0   -44.0    0.0121   -0.0037
  -9.0   -43.0    0.0120   -0.0037
  -9.0   -42.0    0.0120   -0.0036
  -9.0   -41.0    0.0119   -0.0036
  -9.0   -40.0    0.0119   -0.0035
  -9.0   -39.0    0.0118   -0.0034
  -9.0   -38.0    0.0118   -0.0035
  -9.0   -37.0    0.0118   -0.0035
  -9.0   -36.0    0.0116   -0.0034
  -9.0   -35.0    0.0116   -0.0034
 -10.0   -79.0    0.0092    0.0089
 -10.0   -78.0    0.0097    0.0079
 -10.0   -77.0    0.0106    0.0069
 -10.0   -76.0    0.0114    0.0053
 -10.0   -75.0    0.0121    0.0034
 -10.0   -74.0    0.0129    0.0022
 -10.0   -73.0    0.0134    0.0015
 -10.0   -72.0    0.0135    0.0007
 -10.0   -71.0    0.0132    0.0001
 -10.0   -70.0    0.0128   -0.0003
 -10.0   -69.0    0.0123   -0.0009
 -10.0   -68.0    0.0122   -0.0009
 -10.0   -67.0    0.0117   -0.0012
 -10.0   -66.0    0.0116   -0.0012
 -10.0   -65.0    0.0113   -0.0022
 -10.0   -64.0    0.0108   -0.0028
 -10.0   -63.0    0.0113   -0.0028
 -10.0   -62.0    0.0115   -0.0029
 -10.0   -61.0    0.0117   -0.0029
 -10.0   -60.0    0.0117   -0.0031
 -10.0   -59.0    0.0117   -0.0031
 -10.0   -58.0    0.0118   -0.0032
 -10.0   -57.0    0.0119   -0.0032
 -10.0   -56.0    0.0119   -0.0032
 -10.0   -55.0    0.0119   -0.0032
 -10.0   -54.0    0.0119   -0.0034
 -10.0   -53.0    0.0120   -0.0033
 -10.0   -52.0    0.0119   -0.0036
 -10.0   -51.0    0.0119   -0.0036
 -10.0   -50.0    0.0120   -0.0036
 -10.0   -49.0    0.0120   -0.0037
 -10.0   -48.0    0.0120   -0.0037
 -10.0   -47.0    0.0120   -0.0037
 -10.0   -46.0    0.0121   -0.0038
 -10.0   -45.0    0.0122   -0.0038
 -10.0   -44.0    0.0121   -0.0038
 -10.0   -43.0    0.0121   -0.0037
 -10.0   -42.0    0.0120   -0.0036
 -10.0   -41.0    0.0120   -0.0036
 -10.0   -40.0    0.0119   -0.0035
 -10.0   -39.0    0.0118   -0.0035
 -10.0   -38.0    0.0118   -0.0035
 -10.0   -37.0    0.0118   -0.0035
 -10.0   -36.0    0.0117   -0.0034
 -11.0   -78.0    0.0101    0.0114
 -11.0   -77.0    0.0110    0.0106
 -11.0   -76.0    0.0123    0.0090
 -11.0   -75.0    0.0129    0.0068
 -11.0   -74.0    0.0136    0.0047
 -11.0   -73.0    0.0141    0.0031
 -11.0   -72.0    0.0142    0.0018
 -11.0   -71.0    0.0138    0.0006
 -11.0   -70.0    0.0133   -0.0001
 -11.0   -69.0    0.0127   -0.0007
 -11.0   -68.0    0.0123   -0.0009
 -11.0   -67.0    0.0121   -0.0006
 -11.0   -66.0    0.0118    0.0008
 -11.0   -65.0    0.0116   -0.0013
 -11.0   -64.0    0.0115   -0.0020
 -11.0   -63.0    0.0115   -0.0023
 -11.0   -62.0    0.0117   -0.0025
 -11.0   -61.0    0.0117   -0.0026
 -11.0   -60.0    0.0117   -0.0029
 -11.0   -59.0    0.0118   -0.0029
 -11.0   -58.0    0.0118   -0.0031
 -11.0   -57.0    0.0119   -0.0031
 -11.0   -56.0    0.0119   -0.0031
 -11.0   -55.0    0.0119   -0.0033
 -11.0   -54.0    0.0119   -0.0033
 -11.0   -53.0    0.0119   -0.0034
 -11.0   -52.0    0.0120   -0.0034
 -11.0   -51.0    0.0120   -0.0035
 -11.0   -50.0    0.0121   -0.0036
 -11.0   -49.0    0.0121   -0.0036
 -11.0   -48.0    0.0121   -0.0037
 -11.0   -47.0    0.0121   -0.0037
 -11.0   -46.0    0.0122   -0.0037
 -11.0   -45.0    0.0123   -0.0038
 -11.0   -44.0    0.0123   -0.0038
 -11.0   -43.0    0.0123   -0.0038
 -11.0   -42.0    0.0121   -0.0036
 -11.0   -41.0    0.0120   -0.0036
 -11.0   -40.0    0.0119   -0.0035
 -11.0   -39.0    0.0119   -0.0034
 -11.0   -38.0    0.0118   -0.0035
 -11.0   -37.0    0.0118   -0.0035
 -12.0   -78.0    0.0111    0.0159
 -12.0   -77.0    0.0105    0.0165
 -12.0   -76.0    0.0129    0.0140
 -12.0   -75.0    0.0133    0.0093
 -12.0   -74.0    0.0139    0.0072
 -12.0   -73.0    0.0146    0.0043
 -12.0   -72.0    0.0150    0.0021
 -12.0   -71.0    0.0145    0.0008
 -12.0   -70.0    0.0137   -0.0004
 -12.0   -69.0    0.0131   -0.0009
 -12.0   -68.0    0.0128   -0.0011
 -12.0   -67.0    0.0125   -0.0012
 -12.0   -66.0    0.0122   -0.0007
 -12.0   -65.0    0.0118   -0.0016
 -12.0   -64.0    0.0117   -0.0017
 -12.0   -63.0    0.0117   -0.0021
 -12.0   -62.0    0.0117   -0.0023
 -12.0   -61.0    0.0118   -0.0025
 -12.0   -60.0    0.0118   -0.0027
 -12.0   -59.0    0.0118   -0.0029
 -12.0   -58.0    0.0118   -0.0030
 -12.0   -57.0    0.0119   -0.0031
 -12.0   -56.0    0.0119   -0.0032
 -12.0   -55.0    0.0120   -0.0033
 -12.0   -54.0    0.0120   -0.0034
 -12.0   -53.0    0.0120   -0.0034
 -12.0   -52.0    0.0120   -0.0035
 -12.0   -51.0    0.0120   -0.0035
 -12.0   -50.0    0.0121   -0.0035
 -12.0   -49.0    0.0121   -0.0036
 -12.0   -48.0    0.0121   -0.0036
 -12.0   -47.0    0.0122   -0.0037
 -12.0   -46.0    0.0122   -0.0038
 -12.0   -45.0    0.0123   -0.0039
 -12.0   -44.0    0.0125   -0.0039
 -12.0   -43.0    0.0124   -0.0038
 -12.0   -42.0    0.0122   -0.0037
 -12.0   -41.0    0.0120   -0.0036
 -12.0   -40.0    0.0119   -0.0035
 -12.0   -39.0    0.0118   -0.0033
 -12.0   -38.0    0.0118   -0.0033
 -12.0   -37.0    0.0118   -0.0034
 -13.0   -77.0    0.0127    0.0215
 -13.0   -76.0    0.0125    0.0200
 -13.0   -75.0    0.0128    0.0138
 -13.0   -74.0    0.0135    0.0098
 -13.0   -73.0    0.0144    0.0059
 -13.0   -72.0    0.0159    0.0027
 -13.0   -71.0    0.0149    0.0005
 -13.0   -70.0    0.0136   -0.0001
 -13.0   -69.0    0.0136   -0.0010
 -13.0   -68.0    0.0135   -0.0013
 -13.0   -67.0    0.0128   -0.0018
 -13.0   -66.0    0.0124   -0.0020
 -13.0   -65.0    0.0121   -0.0018
 -13.0   -64.0    0.0119   -0.0018
 -13.0   -63.0    0.0118   -0.0019
 -13.0   -62.0    0.0117   -0.0021
 -13.0   -61.0    0.0118   -0.0023
 -13.0   -60.0    0.0118   -0.0025
 -13.0   -59.0    0.0118   -0.0028
 -13.0   -58.0    0.0118   -0.0029
 -13.0   -57.0    0.0119   -0.0031
 -13.0   -56.0    0.0119   -0.0032
 -13.0   -55.0    0.0120   -0.0034
 -13.0   -54.0    0.0119   -0.0033
 -13.0   -53.0    0.0120   -0.0034
 -13.0   -52.0    0.0120   -0.0034
 -13.0   -51.0    0.0120   -0.0034
 -13.0   -50.0    0.0121   -0.0035
 -13.0   -49.0    0.0121   -0.0035
 -13.0   -48.0    0.0121   -0.0036
 -13.0   -47.0    0.0121   -0.0036
 -13.0   -46.0    0.0122   -0.0038
 -13.0   -45.0    0.0124   -0.0038
 -13.0   -44.0    0.0127   -0.0041
 -13.0   -43.0    0.0126   -0.0041
 -13.0   -42.0    0.0123   -0.0039
 -13.0   -41.0    0.0121   -0.0036
 -13.0   -40.0    0.0120   -0.0034
 -13.0   -39.0    0.0118   -0.0031
 -13.0   -38.0    0.0118   -0.0032
 -14.0   -77.0    0.0126    0.0208
 -14.0   -76.0    0.0114    0.0216
 -14.0   -75.0    0.0117    0.0165
 -14.0   -74.0    0.0121    0.0117
 -14.0   -73.0    0.0141    0.0094
 -14.0   -72.0    0.0154    0.0067
 -14.0   -71.0    0.0142    0.0037
 -14.0   -70.0    0.0134    0.0016
 -14.0   -69.0    0.0142    0.0001
 -14.0   -68.0    0.0141   -0.0017
 -14.0   -67.0    0.0133   -0.0029
 -14.0   -66.0    0.0131   -0.0022
 -14.0   -65.0    0.0126   -0.0019
 -14.0   -64.0    0.0125   -0.0018
 -14.0   -63.0    0.0120   -0.0018
 -14.0   -62.0    0.0118   -0.0020
 -14.0   -61.0    0.0118   -0.0022
 -14.0   -60.0    0.0118   -0.0023
 -14.0   -59.0    0.0118   -0.0026
 -14.0   -58.0    0.0119   -0.0028
 -14.0   -57.0    0.0120   -0.0031
 -14.0   -56.0    0.0120   -0.0033
 -14.0   -55.0    0.0120   -0.0034
 -14.0   -54.0    0.0120   -0.0033
 -14.0   -53.0    0.0120   -0.0034
 -14.0   -52.0    0.0120   -0.0034
 -14.0   -51.0    0.0120   -0.0034
 -14.0   -50.0    0.0121   -0.0034
 -14.0   -49.0    0.0121   -0.0035
 -14.0   -48.0    0.0122   -0.0035
 -14.0   -47.0    0.0121   -0.0036
 -14.0   -46.0    0.0122   -0.0037
 -14.0   -45.0    0.0123   -0.0037
 -14.0   -44.0    0.0125   -0.0039
 -14.0   -43.0    0.0126   -0.0040
 -14.0   -42.0    0.0124   -0.0039
 -14.0   -41.0    0.0122   -0.0036
 -14.0   -40.0    0.0120   -0.0035
 -14.0   -39.0    0.0119   -0.0034
 -15.0   -76.0    0.0117    0.0193
 -15.0   -75.0    0.0107    0.0184
 -15.0   -74.0    0.0117    0.0162
 -15.0   -73.0    0.0139    0.0126
 -15.0   -72.0    0.0147    0.0093
 -15.0   -71.0    0.0148    0.0055
 -15.0   -70.0    0.0146    0.0029
 -15.0   -69.0    0.0150    0.0015
 -15.0   -68.0    0.0148   -0.0013
 -15.0   -67.0    0.0143   -0.0023
 -15.0   -66.0    0.0142   -0.0017
 -15.0   -65.0    0.0134   -0.0015
 -15.0   -64.0    0.0128   -0.0016
 -15.0   -63.0    0.0123   -0.0016
 -15.0   -62.0    0.0119   -0.0018
 -15.0   -61.0    0.0117   -0.0020
 -15.0   -60.0    0.0118   -0.0023
 -15.0   -59.0    0.0118   -0.0025
 -15.0   -58.0    0.0119   -0.0027
 -15.0   -57.0    0.0120   -0.0033
 -15.0   -56.0    0.0120   -0.0037
 -15.0   -55.0    0.0120   -0.0035
 -15.0   -54.0    0.0120   -0.0034
 -15.0   -53.0    0.0120   -0.0033
 -15.0   -52.0    0.0120   -0.0034
 -15.0   -51.0    0.0120   -0.0033
 -15.0   -50.0    0.0120   -0.0034
 -15.0   -49.0    0.0122   -0.0036
 -15.0   -48.0    0.0122   -0.0036
 -15.0   -47.0    0.0121   -0.0036
 -15.0   -46.0    0.0121   -0.0036
 -15.0   -45.0    0.0121   -0.0036
 -15.0   -44.0    0.0123   -0.0036
 -15.0   -43.0    0.0123   -0.0037
 -15.0   -42.0    0.0123   -0.0036
 -15.0   -41.0    0.0122   -0.0036
 -15.0   -40.0    0.0121   -0.0036
 -15.0   -39.0    0.0120   -0.0035
 -16.0   -75.0    0.0112    0.0196
 -16.0   -74.0    0.0109    0.0197
 -16.0   -73.0    0.0127    0.0173
 -16.0   -72.0    0.0140    0.0127
 -16.0   -71.0    0.0150    0.0082
 -16.0   -70.0    0.0156    0.0059
 -16.0   -69.0    0.0151    0.0040
 -16.0   -68.0    0.0157    0.0010
 -16.0   -67.0    0.0160   -0.0007
 -16.0   -66.0    0.0152   -0.0011
 -16.0   -65.0    0.0140   -0.0014
 -16.0   -64.0    0.0134   -0.0013
 -16.0   -63.0    0.0127   -0.0013
 -16.0   -62.0    0.0120   -0.0015
 -16.0   -61.0    0.0116   -0.0017
 -16.0   -60.0    0.0117   -0.0020
 -16.0   -59.0    0.0118   -0.0024
 -16.0   -58.0    0.0119   -0.0026
 -16.0   -57.0    0.0119   -0.0031
 -16.0   -56.0    0.0120   -0.0036
 -16.0   -55.0    0.0121   -0.0035
 -16.0   -54.0    0.0120   -0.0033
 -16.0   -53.0    0.0121   -0.0033
 -16.0   -52.0    0.0120   -0.0033
 -16.0   -51.0    0.0119   -0.0033
 -16.0   -50.0    0.0120   -0.0035
 -16.0   -49.0    0.0120   -0.0035
 -16.0   -48.0    0.0124   -0.0038
 -16.0   -47.0    0.0121   -0.0036
 -16.0   -46.0    0.0120   -0.0036
 -16.0   -45.0    0.0120   -0.0033
 -16.0   -44.0    0.0119   -0.0033
 -16.0   -43.0    0.0121   -0.0035
 -16.0   -42.0    0.0123   -0.0035
 -16.0   -41.0    0.0123   -0.0036
 -16.0   -40.0    0.0122   -0.0035
 -16.0   -39.0    0.0120   -0.0036
 -17.0   -73.0    0.0131    0.0195
 -17.0   -72.0    0.0141    0.0177
 -17.0   -71.0    0.0161    0.0143
 -17.0   -70.0    0.0165    0.0096
 -17.0   -69.0    0.0151    0.0085
 -17.0   -68.0    0.0156    0.0066
 -17.0   -67.0    0.0163    0.0030
 -17.0   -66.0    0.0160   -0.0013
 -17.0   -65.0    0.0149   -0.0009
 -17.0   -64.0    0.0142   -0.0004
 -17.0   -63.0    0.0129   -0.0011
 -17.0   -62.0    0.0118   -0.0014
 -17.0   -61.0    0.0112   -0.0011
 -17.0   -60.0    0.0115   -0.0017
 -17.0   -59.0    0.0117   -0.0022
 -17.0   -58.0    0.0118   -0.0025
 -17.0   -57.0    0.0119   -0.0026
 -17.0   -56.0    0.0119   -0.0029
 -17.0   -55.0    0.0120   -0.0031
 -17.0   -54.0    0.0120   -0.0032
 -17.0   -53.0    0.0121   -0.0031
 -17.0   -52.0    0.0119   -0.0032
 -17.0   -51.0    0.0119   -0.0032
 -17.0   -50.0    0.0119   -0.0033
 -17.0   -49.0    0.0119   -0.0034
 -17.0   -48.0    0.0119   -0.0034
 -17.0   -47.0    0.0119   -0.0035
 -17.0   -46.0    0.0119   -0.0035
 -17.0   -45.0    0.0119   -0.0033
 -17.0   -44.0    0.0118   -0.0032
 -17.0   -43.0    0.0120   -0.0033
 -17.0   -42.0    0.0123   -0.0035
 -17.0   -41.0    0.0123   -0.0036
 -17.0   -40.0    0.0122   -0.0036
 -17.0   -39.0    0.0121   -0.0037
 -18.0   -72.0    0.0155    0.0203
 -18.0   -71.0    0.0168    0.0197
 -18.0   -70.0    0.0180    0.0160
 -18.0   -69.0    0.0177    0.0126
 -18.0   -68.0    0.0170    0.0105
 -18.0   -67.0    0.0169    0.0075
 -18.0   -66.0    0.0154    0.0060
 -18.0   -65.0    0.0147    0.0040
 -18.0   -64.0    0.0147    0.0016
 -18.0   -63.0    0.0127   -0.0023
 -18.0   -62.0    0.0118   -0.0017
 -18.0   -61.0    0.0108   -0.0005
 -18.0   -60.0    0.0112   -0.0008
 -18.0   -59.0    0.0117   -0.0020
 -18.0   -58.0    0.0118   -0.0022
 -18.0   -57.0    0.0119   -0.0024
 -18.0   -56.0    0.0119   -0.0027
 -18.0   -55.0    0.0120   -0.0029
 -18.0   -54.0    0.0120   -0.0030
 -18.0   -53.0    0.0121   -0.0031
 -18.0   -52.0    0.0120   -0.0031
 -18.0   -51.0    0.0119   -0.0032
 -18.0   -50.0    0.0118   -0.0033
 -18.0   -49.0    0.0116   -0.0033
 -18.0   -48.0    0.0115   -0.0035
 -18.0   -47.0    0.0117   -0.0035
 -18.0   -46.0    0.0119   -0.0034
 -18.0   -45.0    0.0119   -0.0034
 -18.0   -44.0    0.0120   -0.0033
 -18.0   -43.0    0.0122   -0.0034
 -18.0   -42.0    0.0124   -0.0036
 -18.0   -41.0    0.0124   -0.0036
 -18.0   -40.0    0.0122   -0.0037
 -18.0   -39.0    0.0121   -0.0038
 -19.0   -71.0    0.0157    0.0205
 -19.0   -70.0    0.0156    0.0197
 -19.0   -69.0    0.0172    0.0189
 -19.0   -68.0    0.0174    0.0136
 -19.0   -67.0    0.0166    0.0098
 -19.0   -66.0    0.0158    0.0080
 -19.0   -65.0    0.0139    0.0085
 -19.0   -64.0    0.0137    0.0046
 -19.0   -63.0    0.0123   -0.0007
 -19.0   -62.0    0.0119   -0.0014
 -19.0   -61.0    0.0115   -0.0013
 -19.0   -60.0    0.0116   -0.0014
 -19.0   -59.0    0.0117   -0.0018
 -19.0   -58.0    0.0118   -0.0022
 -19.0   -57.0    0.0119   -0.0023
 -19.0   -56.0    0.0118   -0.0025
 -19.0   -55.0    0.0120   -0.0027
 -19.0   -54.0    0.0119   -0.0027
 -19.0   -53.0    0.0120   -0.0028
 -19.0   -52.0    0.0120   -0.0030
 -19.0   -51.0    0.0118   -0.0030
 -19.0   -50.0    0.0117   -0.0031
 -19.0   -49.0    0.0114   -0.0034
 -19.0   -48.0    0.0112   -0.0034
 -19.0   -47.0    0.0115   -0.0034
 -19.0   -46.0    0.0118   -0.0034
 -19.0   -45.0    0.0119   -0.0034
 -19.0   -44.0    0.0120   -0.0034
 -19.0   -43.0    0.0123   -0.0035
 -19.0   -42.0    0.0127   -0.0037
 -19.0   -41.0    0.0124   -0.0037
 -19.0   -40.0    0.0122   -0.0038
 -19.0   -39.0    0.0121   -0.0039
 -20.0   -71.0    0.0168    0.0232
 -20.0   -70.0    0.0153    0.0195
 -20.0   -69.0    0.0178    0.0216
 -20.0   -68.0    0.0167    0.0151
 -20.0   -67.0    0.0173    0.0086
 -20.0   -66.0    0.0160    0.0064
 -20.0   -65.0    0.0141    0.0054
 -20.0   -64.0    0.0123    0.0035
 -20.0   -63.0    0.0117    0.0010
 -20.0   -62.0    0.0117   -0.0007
 -20.0   -61.0    0.0117   -0.0013
 -20.0   -60.0    0.0117   -0.0014
 -20.0   -59.0    0.0117   -0.0017
 -20.0   -58.0    0.0118   -0.0020
 -20.0   -57.0    0.0119   -0.0023
 -20.0   -56.0    0.0118   -0.0023
 -20.0   -55.0    0.0120   -0.0026
 -20.0   -54.0    0.0120   -0.0026
 -20.0   -53.0    0.0120   -0.0027
 -20.0   -52.0    0.0119   -0.0028
 -20.0   -51.0    0.0118   -0.0029
 -20.0   -50.0    0.0118   -0.0031
 -20.0   -49.0    0.0115   -0.0032
 -20.0   -48.0    0.0114   -0.0032
 -20.0   -47.0    0.0115   -0.0033
 -20.0   -46.0    0.0117   -0.0033
 -20.0   -45.0    0.0118   -0.0034
 -20.0   -44.0    0.0120   -0.0035
 -20.0   -43.0    0.0123   -0.0036
 -20.0   -42.0    0.0124   -0.0036
 -20.0   -41.0    0.0123   -0.0038
 -20.0   -40.0    0.0122   -0.0039
 -21.0   -71.0    0.0175    0.0251
 -21.0   -70.0    0.0201    0.0269
 -21.0   -69.0    0.0165    0.0187
 -21.0   -68.0    0.0143    0.0146
 -21.0   -67.0    0.0154    0.0113
 -21.0   -66.0    0.0147    0.0081
 -21.0   -65.0    0.0129    0.0054
 -21.0   -64.0    0.0116    0.0025
 -21.0   -63.0    0.0116   -0.0000
 -21.0   -62.0    0.0115   -0.0013
 -21.0   -61.0    0.0118   -0.0014
 -21.0   -60.0    0.0118   -0.0015
 -21.0   -59.0    0.0117   -0.0016
 -21.0   -58.0    0.0117   -0.0019
 -21.0   -57.0    0.0118   -0.0022
 -21.0   -56.0    0.0119   -0.0023
 -21.0   -55.0    0.0120   -0.0024
 -21.0   -54.0    0.0120   -0.0025
 -21.0   -53.0    0.0121   -0.0026
 -21.0   -52.0    0.0120   -0.0026
 -21.0   -51.0    0.0119   -0.0027
 -21.0   -50.0    0.0118   -0.0029
 -21.0   -49.0    0.0117   -0.0030
 -21.0   -48.0    0.0116   -0.0032
 -21.0   -47.0    0.0115   -0.0032
 -21.0   -46.0    0.0115   -0.0032
 -21.0   -45.0    0.0117   -0.0034
 -21.0   -44.0    0.0120   -0.0035
 -21.0   -43.0    0.0123   -0.0035
 -21.0   -42.0    0.0123   -0.0037
 -21.0   -41.0    0.0122   -0.0038
 -21.0   -40.0    0.0121   -0.0039
 -22.0   -71.0    0.0177    0.0259
 -22.0   -70.0    0.0190    0.0269
 -22.0   -69.0    0.0163    0.0202
 -22.0   -68.0    0.0156    0.0160
 -22.0   -67.0    0.0144    0.0127
 -22.0   -66.0    0.0135    0.0092
 -22.0   -65.0    0.0121    0.0064
 -22.0   -64.0    0.0116    0.0031
 -22.0   -63.0    0.0116    0.0002
 -22.0   -62.0    0.0120   -0.0009
 -22.0   -61.0    0.0120   -0.0010
 -22.0   -60.0    0.0119   -0.0014
 -22.0   -59.0    0.0118   -0.0016
 -22.0   -58.0    0.0117   -0.0019
 -22.0   -57.0    0.0119   -0.0020
 -22.0   -56.0    0.0119   -0.0021
 -22.0   -55.0    0.0121   -0.0022
 -22.0   -54.0    0.0121   -0.0023
 -22.0   -53.0    0.0122   -0.0024
 -22.0   -52.0    0.0121   -0.0025
 -22.0   -51.0    0.0119   -0.0027
 -22.0   -50.0    0.0119   -0.0027
 -22.0   -49.0    0.0118   -0.0029
 -22.0   -48.0    0.0117   -0.0030
 -22.0   -47.0    0.0116   -0.0032
 -22.0   -46.0    0.0115   -0.0033
 -22.0   -45.0    0.0117   -0.0032
 -22.0   -44.0    0.0120   -0.0035
 -22.0   -43.0    0.0121   -0.0037
 -22.0   -42.0    0.0121   -0.0038
 -22.0   -41.0    0.0121   -0.0039
 -23.0   -71.0    0.0183    0.0233
 -23.0   -70.0    0.0157    0.0247
 -23.0   -69.0    0.0155    0.0207
 -23.0   -68.0    0.0152    0.0152
 -23.0   -67.0    0.0144    0.0115
 -23.0   -66.0    0.0132    0.0092
 -23.0   -65.0    0.0125    0.0070
 -23.0   -64.0    0.0123    0.0045
 -23.0   -63.0    0.0122    0.0024
 -23.0   -62.0    0.0121    0.0008
 -23.0   -61.0    0.0120   -0.0003
 -23.0   -60.0    0.0118   -0.0010
 -23.0   -59.0    0.0116   -0.0016
 -23.0   -58.0    0.0118   -0.0017
 -23.0   -57.0    0.0119   -0.0018
 -23.0   -56.0    0.0120   -0.0020
 -23.0   -55.0    0.0122   -0.0021
 -23.0   -54.0    0.0122   -0.0022
 -23.0   -53.0    0.0122   -0.0022
 -23.0   -52.0    0.0121   -0.0024
 -23.0   -51.0    0.0120   -0.0026
 -23.0   -50.0    0.0120   -0.0027
 -23.0   -49.0    0.0119   -0.0029
 -23.0   -48.0    0.0118   -0.0031
 -23.0   -47.0    0.0117   -0.0032
 -23.0   -46.0    0.0116   -0.0033
 -23.0   -45.0    0.0116   -0.0034
 -23.0   -44.0    0.0119   -0.0036
 -23.0   -43.0    0.0117   -0.0041
 -23.0   -42.0    0.0119   -0.0040
 -24.0   -71.0    0.0177    0.0218
 -24.0   -70.0    0.0174    0.0228
 -24.0   -69.0    0.0141    0.0173
 -24.0   -68.0    0.0147    0.0096
 -24.0   -67.0    0.0141    0.0090
 -24.0   -66.0    0.0131    0.0074
 -24.0   -65.0    0.0129    0.0060
 -24.0   -64.0    0.0133    0.0048
 -24.0   -63.0    0.0128    0.0033
 -24.0   -62.0    0.0122    0.0017
 -24.0   -61.0    0.0118    0.0002
 -24.0   -60.0    0.0119   -0.0007
 -24.0   -59.0    0.0116   -0.0015
 -24.0   -58.0    0.0119   -0.0016
 -24.0   -57.0    0.0121   -0.0017
 -24.0   -56.0    0.0121   -0.0018
 -24.0   -55.0    0.0123   -0.0019
 -24.0   -54.0    0.0124   -0.0021
 -24.0   -53.0    0.0123   -0.0022
 -24.0   -52.0    0.0122   -0.0024
 -24.0   -51.0    0.0120   -0.0026
 -24.0   -50.0    0.0120   -0.0027
 -24.0   -49.0    0.0120   -0.0030
 -24.0   -48.0    0.0120   -0.0031
 -24.0   -47.0    0.0118   -0.0032
 -24.0   -46.0    0.0116   -0.0034
 -25.0   -71.0    0.0167    0.0242
 -25.0   -70.0    0.0178    0.0225
 -25.0   -69.0    0.0136    0.0132
 -25.0   -68.0    0.0149    0.0096
 -25.0   -67.0    0.0142    0.0080
 -25.0   -66.0    0.0129    0.0062
 -25.0   -65.0    0.0135    0.0052
 -25.0   -64.0    0.0153    0.0050
 -25.0   -63.0    0.0126    0.0036
 -25.0   -62.0    0.0122    0.0019
 -25.0   -61.0    0.0117    0.0004
 -25.0   -60.0    0.0116   -0.0008
 -25.0   -59.0    0.0117   -0.0014
 -25.0   -58.0    0.0120   -0.0016
 -25.0   -57.0    0.0122   -0.0017
 -25.0   -56.0    0.0123   -0.0018
 -25.0   -55.0    0.0126   -0.0018
 -25.0   -54.0    0.0126   -0.0019
 -25.0   -53.0    0.0124   -0.0021
 -25.0   -52.0    0.0122   -0.0023
 -25.0   -51.0    0.0120   -0.0025
 -25.0   -50.0    0.0120   -0.0028
 -25.0   -49.0    0.0120   -0.0030
 -25.0   -48.0    0.0123   -0.0031
 -25.0   -47.0    0.0119   -0.0031
 -26.0   -71.0    0.0175    0.0259
 -26.0   -70.0    0.0176    0.0204
 -26.0   -69.0    0.0164    0.0158
 -26.0   -68.0    0.0157    0.0119
 -26.0   -67.0    0.0142    0.0083
 -26.0   -66.0    0.0132    0.0058
 -26.0   -65.0    0.0135    0.0047
 -26.0   -64.0    0.0139    0.0041
 -26.0   -63.0    0.0128    0.0030
 -26.0   -62.0    0.0120    0.0018
 -26.0   -61.0    0.0116    0.0004
 -26.0   -60.0    0.0118   -0.0004
 -26.0   -59.0    0.0116   -0.0012
 -26.0   -58.0    0.0119   -0.0014
 -26.0   -57.0    0.0122   -0.0015
 -26.0   -56.0    0.0123   -0.0016
 -26.0   -55.0    0.0127   -0.0017
 -26.0   -54.0    0.0126   -0.0019
 -26.0   -53.0    0.0124   -0.0020
 -26.0   -52.0    0.0122   -0.0022
 -26.0   -51.0    0.0120   -0.0024
 -26.0   -50.0    0.0120   -0.0026
 -26.0   -49.0    0.0120   -0.0029
 -26.0   -48.0    0.0120   -0.0030
 -27.0   -71.0    0.0191    0.0250
 -27.0   -70.0    0.0170    0.0207
 -27.0   -69.0    0.0173    0.0144
 -27.0   -68.0    0.0160    0.0117
 -27.0   -67.0    0.0129    0.0059
 -27.0   -66.0    0.0125    0.0038
 -27.0   -65.0    0.0118    0.0030
 -27.0   -64.0    0.0130    0.0035
 -27.0   -63.0    0.0123    0.0028
 -27.0   -62.0    0.0116    0.0015
 -27.0   -61.0    0.0116    0.0004
 -27.0   -60.0    0.0114   -0.0005
 -27.0   -59.0    0.0117   -0.0009
 -27.0   -58.0    0.0119   -0.0011
 -27.0   -57.0    0.0121   -0.0013
 -27.0   -56.0    0.0122   -0.0015
 -27.0   -55.0    0.0124   -0.0016
 -27.0   -54.0    0.0124   -0.0018
 -27.0   -53.0    0.0123   -0.0020
 -27.0   -52.0    0.0122   -0.0022
 -27.0   -51.0    0.0120   -0.0024
 -27.0   -50.0    0.0120   -0.0026
 -27.0   -49.0    0.0120   -0.0027
 -27.0   -48.0    0.0120   -0.0028
 -28.0   -72.0    0.0184    0.0228
 -28.0   -71.0    0.0196    0.0246
 -28.0   -70.0    0.0171    0.0203
 -28.0   -69.0    0.0160    0.0153
 -28.0   -68.0    0.0138    0.0095
 -28.0   -67.0    0.0125    0.0052
 -28.0   -66.0    0.0129    0.0040
 -28.0   -65.0    0.0120    0.0013
 -28.0   -64.0    0.0134    0.0053
 -28.0   -63.0    0.0122    0.0027
 -28.0   -62.0    0.0115    0.0014
 -28.0   -61.0    0.0115    0.0004
 -28.0   -60.0    0.0117    0.0001
 -28.0   -59.0    0.0116   -0.0006
 -28.0   -58.0    0.0118   -0.0008
 -28.0   -57.0    0.0120   -0.0010
 -28.0   -56.0    0.0121   -0.0013
 -28.0   -55.0    0.0122   -0.0016
 -28.0   -54.0    0.0121   -0.0019
 -28.0   -53.0    0.0122   -0.0020
 -28.0   -52.0    0.0122   -0.0021
 -28.0   -51.0    0.0121   -0.0023
 -28.0   -50.0    0.0121   -0.0024
 -28.0   -49.0    0.0120   -0.0026
 -28.0   -48.0    0.0120   -0.0027
 -29.0   -72.0    0.0188    0.0216
 -29.0   -71.0    0.0181    0.0212
 -29.0   -70.0    0.0167    0.0192
 -29.0   -69.0    0.0157    0.0131
 -29.0   -68.0    0.0131    0.0084
 -29.0   -67.0    0.0131    0.0065
 -29.0   -66.0    0.0131    0.0050
 -29.0   -65.0    0.0137    0.0033
 -29.0   -64.0    0.0118    0.0020
 -29.0   -63.0    0.0115    0.0013
 -29.0   -62.0    0.0115    0.0008
 -29.0   -61.0    0.0116    0.0004
 -29.0   -60.0    0.0117   -0.0001
 -29.0   -59.0    0.0117   -0.0003
 -29.0   -58.0    0.0116   -0.0005
 -29.0   -57.0    0.0119   -0.0009
 -29.0   -56.0    0.0120   -0.0012
 -29.0   -55.0    0.0121   -0.0016
 -29.0   -54.0    0.0122   -0.0019
 -29.0   -53.0    0.0122   -0.0019
 -29.0   -52.0    0.0122   -0.0020
 -29.0   -51.0    0.0121   -0.0021
 -29.0   -50.0    0.0122   -0.0022
 -29.0   -49.0    0.0120   -0.0025
 -30.0   -72.0    0.0183    0.0204
 -30.0   -71.0    0.0179    0.0178
 -30.0   -70.0    0.0175    0.0179
 -30.0   -69.0    0.0153    0.0116
 -30.0   -68.0    0.0129    0.0062
 -30.0   -67.0    0.0129    0.0057
 -30.0   -66.0    0.0124    0.0039
 -30.0   -65.0    0.0123    0.0020
 -30.0   -64.0    0.0099   -0.0004
 -30.0   -63.0    0.0108    0.0004
 -30.0   -62.0    0.0116    0.0007
 -30.0   -61.0    0.0117    0.0003
 -30.0   -60.0    0.0125    0.0005
 -30.0   -59.0    0.0114   -0.0004
 -30.0   -58.0    0.0125   -0.0003
 -30.0   -57.0    0.0119   -0.0009
 -30.0   -56.0    0.0119   -0.0012
 -30.0   -55.0    0.0120   -0.0016
 -30.0   -54.0    0.0121   -0.0018
 -30.0   -53.0    0.0122   -0.0019
 -30.0   -52.0    0.0122   -0.0020
 -30.0   -51.0    0.0123   -0.0019
 -30.0   -50.0    0.0122   -0.0022
 -31.0   -72.0    0.0183    0.0243
 -31.0   -71.0    0.0175    0.0200
 -31.0   -70.0    0.0169    0.0167
 -31.0   -69.0    0.0147    0.0116
 -31.0   -68.0    0.0131    0.0077
 -31.0   -67.0    0.0113    0.0038
 -31.0   -66.0    0.0118    0.0027
 -31.0   -65.0    0.0116    0.0016
 -31.0   -64.0    0.0117    0.0019
 -31.0   -63.0    0.0117    0.0017
 -31.0   -62.0    0.0118    0.0011
 -31.0   -61.0    0.0119    0.0005
 -31.0   -60.0    0.0118   -0.0001
 -31.0   -59.0    0.0117   -0.0004
 -31.0   -58.0    0.0118   -0.0006
 -31.0   -57.0    0.0119   -0.0009
 -31.0   -56.0    0.0119   -0.0012
 -31.0   -55.0    0.0119   -0.0015
 -31.0   -54.0    0.0120   -0.0018
 -31.0   -53.0    0.0120   -0.0019
 -31.0   -52.0    0.0120   -0.0020
 -31.0   -51.0    0.0121   -0.0021
 -31.0   -50.0    0.0120   -0.0022
 -32.0   -72.0    0.0192    0.0232
 -32.0   -71.0    0.0182    0.0218
 -32.0   -70.0    0.0168    0.0169
 -32.0   -69.0    0.0139    0.0103
 -32.0   -68.0    0.0124    0.0063
 -32.0   -67.0    0.0115    0.0031
 -32.0   -66.0    0.0108    0.0021
 -32.0   -65.0    0.0122    0.0017
 -32.0   -64.0    0.0120    0.0024
 -32.0   -63.0    0.0119    0.0021
 -32.0   -62.0    0.0120    0.0013
 -32.0   -61.0    0.0118    0.0006
 -32.0   -60.0    0.0119    0.0001
 -32.0   -59.0    0.0117   -0.0003
 -32.0   -58.0    0.0118   -0.0006
 -32.0   -57.0    0.0118   -0.0011
 -32.0   -56.0    0.0117   -0.0013
 -32.0   -55.0    0.0118   -0.0016
 -32.0   -54.0    0.0118   -0.0018
 -32.0   -53.0    0.0118   -0.0020
 -32.0   -52.0    0.0119   -0.0020
 -32.0   -51.0    0.0119   -0.0022
 -33.0   -72.0    0.0205    0.0260
 -33.0   -71.0    0.0178    0.0232
 -33.0   -70.0    0.0152    0.0169
 -33.0   -69.0    0.0131    0.0090
 -33.0   -68.0    0.0120    0.0058
 -33.0   -67.0    0.0102    0.0028
 -33.0   -66.0    0.0120    0.0025
 -33.0   -65.0    0.0122    0.0023
 -33.0   -64.0    0.0119    0.0025
 -33.0   -63.0    0.0119    0.0022
 -33.0   -62.0    0.0116    0.0013
 -33.0   -61.0    0.0121    0.0006
 -33.0   -60.0    0.0120    0.0001
 -33.0   -59.0    0.0117   -0.0003
 -33.0   -58.0    0.0118   -0.0008
 -33.0   -57.0    0.0117   -0.0012
 -33.0   -56.0    0.0116   -0.0016
 -33.0   -55.0    0.0116   -0.0020
 -33.0   -54.0    0.0116   -0.0023
 -33.0   -53.0    0.0117   -0.0025
 -33.0   -52.0    0.0118   -0.0024
 -34.0   -72.0    0.0205    0.0258
 -34.0   -71.0    0.0184    0.0208
 -34.0   -70.0    0.0164    0.0156
 -34.0   -69.0    0.0146    0.0095
 -34.0   -68.0    0.0124    0.0067
 -34.0   -67.0    0.0114    0.0048
 -34.0   -66.0    0.0118    0.0037
 -34.0   -65.0    0.0127    0.0026
 -34.0   -64.0    0.0121    0.0028
 -34.0   -63.0    0.0118    0.0021
 -34.0   -62.0    0.0117    0.0015
 -34.0   -61.0    0.0117    0.0008
 -34.0   -60.0    0.0118    0.0002
 -34.0   -59.0    0.0117   -0.0004
 -34.0   -58.0    0.0117   -0.0009
 -34.0   -57.0    0.0116   -0.0015
 -34.0   -56.0    0.0114   -0.0019
 -34.0   -55.0    0.0115   -0.0023
 -34.0   -54.0    0.0114   -0.0026
 -34.0   -53.0    0.0117   -0.0026
 -35.0   -73.0    0.0213    0.0314
 -35.0   -72.0    0.0215    0.0310
 -35.0   -71.0    0.0187    0.0249
 -35.0   -70.0    0.0161    0.0117
 -35.0   -69.0    0.0132    0.0071
 -35.0   -68.0    0.0122    0.0055
 -35.0   -67.0    0.0116    0.0049
 -35.0   -66.0    0.0119    0.0042
 -35.0   -65.0    0.0138    0.0045
 -35.0   -64.0    0.0121    0.0032
 -35.0   -63.0    0.0117    0.0024
 -35.0   -62.0    0.0115    0.0017
 -35.0   -61.0    0.0113    0.0009
 -35.0   -60.0    0.0115    0.0004
 -35.0   -59.0    0.0116   -0.0002
 -35.0   -58.0    0.0119   -0.0010
 -35.0   -57.0    0.0115   -0.0017
 -35.0   -56.0    0.0113   -0.0024
 -35.0   -55.0    0.0116   -0.0021
 -35.0   -54.0    0.0116   -0.0021
 -36.0   -73.0    0.0228    0.0363
 -36.0   -72.0    0.0180    0.0298
 -36.0   -71.0    0.0147    0.0203
 -36.0   -70.0    0.0117    0.0106
 -36.0   -69.0    0.0114    0.0078
 -36.0   -68.0    0.0110    0.0042
 -36.0   -67.0    0.0109    0.0026
 -36.0   -66.0    0.0116    0.0034
 -36.0   -65.0    0.0121    0.0032
 -36.0   -64.0    0.0117    0.0028
 -36.0   -63.0    0.0115    0.0023
 -36.0   -62.0    0.0112    0.0019
 -36.0   -61.0    0.0113    0.0015
 -36.0   -60.0    0.0113    0.0009
 -36.0   -59.0    0.0115    0.0002
 -36.0   -58.0    0.0116   -0.0005
 -36.0   -57.0    0.0117   -0.0011
 -36.0   -56.0    0.0116   -0.0014
 -37.0   -74.0    0.0227    0.0340
 -37.0   -73.0    0.0222    0.0305
 -37.0   -72.0    0.0158    0.0249
 -37.0   -71.0    0.0120    0.0169
 -37.0   -70.0    0.0093    0.0100
 -37.0   -69.0    0.0096    0.0055
 -37.0   -68.0    0.0099    0.0034
 -37.0   -67.0    0.0106    0.0022
 -37.0   -66.0    0.0113    0.0026
 -37.0   -65.0    0.0113    0.0025
 -37.0   -64.0    0.0111    0.0022
 -37.0   -63.0    0.0109    0.0023
 -37.0   -62.0    0.0106    0.0022
 -37.0   -61.0    0.0111    0.0019
 -37.0   -60.0    0.0111    0.0014
 -37.0   -59.0    0.0114    0.0009
 -37.0   -58.0    0.0118   -0.0000
 -37.0   -57.0    0.0119   -0.0007
 -37.0   -56.0    0.0117   -0.0010
 -38.0   -74.0    0.0218    0.0254
 -38.0   -73.0    0.0195    0.0193
 -38.0   -72.0    0.0136    0.0115
 -38.0   -71.0    0.0091    0.0075
 -38.0   -70.0    0.0081    0.0053
 -38.0   -69.0    0.0090    0.0026
 -38.0   -68.0    0.0101    0.0024
 -38.0   -67.0    0.0109    0.0028
 -38.0   -66.0    0.0107    0.0021
 -38.0   -65.0    0.0106    0.0009
 -38.0   -64.0    0.0109    0.0013
 -38.0   -63.0    0.0107    0.0015
 -38.0   -62.0    0.0096    0.0036
 -38.0   -61.0    0.0104    0.0026
 -38.0   -60.0    0.0107    0.0015
 -38.0   -59.0    0.0110    0.0009
 -38.0   -58.0    0.0119   -0.0002
 -38.0   -57.0    0.0122   -0.0006
 -39.0   -74.0    0.0203    0.0204
 -39.0   -73.0    0.0183    0.0142
 -39.0   -72.0    0.0137    0.0051
 -39.0   -71.0    0.0086    0.0005
 -39.0   -70.0    0.0070    0.0004
 -39.0   -69.0    0.0119   -0.0001
 -39.0   -68.0    0.0116    0.0016
 -39.0   -67.0    0.0114    0.0018
 -39.0   -66.0    0.0110    0.0015
 -39.0   -65.0    0.0110    0.0010
 -39.0   -64.0    0.0111    0.0007
 -39.0   -63.0    0.0110    0.0003
 -39.0   -62.0    0.0108    0.0002
 -39.0   -61.0    0.0105    0.0010
 -39.0   -60.0    0.0109    0.0009
 -39.0   -59.0    0.0112    0.0005
 -39.0   -58.0    0.0116   -0.0001
 -40.0   -74.0    0.0200    0.0207
 -40.0   -73.0    0.0189    0.0112
 -40.0   -72.0    0.0148    0.0008
 -40.0   -71.0    0.0108   -0.0027
 -40.0   -70.0    0.0104   -0.0024
 -40.0   -69.0    0.0120   -0.0014
 -40.0   -68.0    0.0120   -0.0003
 -40.0   -67.0    0.0119    0.0008
 -40.0   -66.0    0.0117    0.0010
 -40.0   -65.0    0.0112    0.0003
 -40.0   -64.0    0.0115    0.0004
 -40.0   -63.0    0.0111   -0.0002
 -40.0   -62.0    0.0111   -0.0001
 -41.0   -75.0    0.0194    0.0185
 -41.0   -74.0    0.0205    0.0178
 -41.0   -73.0    0.0155    0.0061
 -41.0   -72.0    0.0134   -0.0016
 -41.0   -71.0    0.0102   -0.0075
 -41.0   -70.0    0.0120   -0.0064
 -41.0   -69.0    0.0122   -0.0027
 -41.0   -68.0    0.0124   -0.0010
 -41.0   -67.0    0.0123   -0.0000
 -41.0   -66.0    0.0121    0.0007
 -41.0   -65.0    0.0115   -0.0005
 -41.0   -64.0    0.0116   -0.0002
 -41.0   -63.0    0.0115   -0.0007
 -41.0   -62.0    0.0112   -0.0009
 -42.0   -75.0    0.0187    0.0144
 -42.0   -74.0    0.0198    0.0133
 -42.0   -73.0    0.0147    0.0020
 -42.0   -72.0    0.0121   -0.0047
 -42.0   -71.0    0.0125   -0.0058
 -42.0   -70.0    0.0126   -0.0040
 -42.0   -69.0    0.0127   -0.0024
 -42.0   -68.0    0.0127   -0.0015
 -42.0   -67.0    0.0124   -0.0008
 -42.0   -66.0    0.0123   -0.0004
 -42.0   -65.0    0.0120   -0.0004
 -42.0   -64.0    0.0119   -0.0002
 -42.0   -63.0    0.0116   -0.0012
 -42.0   -62.0    0.0115   -0.0013
 -43.0   -75.0    0.0170    0.0101
 -43.0   -74.0    0.0158    0.0069
 -43.0   -73.0    0.0134    0.0026
 -43.0   -72.0    0.0125   -0.0005
 -43.0   -71.0    0.0128   -0.0021
 -43.0   -70.0    0.0129   -0.0022
 -43.0   -69.0    0.0129   -0.0016
 -43.0   -68.0    0.0127   -0.0014
 -43.0   -67.0    0.0126   -0.0012
 -43.0   -66.0    0.0124   -0.0015
 -43.0   -65.0    0.0119   -0.0016
 -43.0   -64.0    0.0120   -0.0003
 -44.0   -75.0    0.0156    0.0073
 -44.0   -74.0    0.0145    0.0045
 -44.0   -73.0    0.0132    0.0024
 -44.0   -72.0    0.0125    0.0004
 -44.0   -71.0    0.0126   -0.0006
 -44.0   -70.0    0.0128   -0.0016
 -44.0   -69.0    0.0129   -0.0018
 -44.0   -68.0    0.0128   -0.0017
 -44.0   -67.0    0.0126   -0.0016
 -44.0   -66.0    0.0125   -0.0015
 -44.0   -65.0    0.0122   -0.0012
 -45.0   -75.0    0.0147    0.0058
 -45.0   -74.0    0.0138    0.0035
 -45.0   -73.0    0.0128    0.0010
 -45.0   -72.0    0.0118   -0.0012
 -45.0   -71.0    0.0122   -0.0020
 -45.0   -70.0    0.0128   -0.0025
 -45.0   -69.0    0.0133   -0.0029
 -45.0   -68.0    0.0130   -0.0032
 -45.0   -67.0    0.0128   -0.0020
 -45.0   -66.0    0.0127   -0.0016
 -45.0   -65.0    0.0125   -0.0012
 -46.0   -75.0    0.0134    0.0027
 -46.0   -74.0    0.0131    0.0022
 -46.0   -73.0    0.0123   -0.0003
 -46.0   -72.0    0.0121   -0.0030
 -46.0   -71.0    0.0126   -0.0027
 -46.0   -70.0    0.0129   -0.0028
 -46.0   -69.0    0.0132   -0.0050
 -46.0   -68.0    0.0132   -0.0051
 -46.0   -67.0    0.0131   -0.0028
 -46.0   -66.0    0.0129   -0.0018
 -47.0   -75.0    0.0132    0.0029
 -47.0   -74.0    0.0126    0.0023
 -47.0   -73.0    0.0126    0.0009
 -47.0   -72.0    0.0128   -0.0003
 -47.0   -71.0    0.0116    0.0019
 -47.0   -70.0    0.0125   -0.0005
 -47.0   -69.0    0.0130   -0.0019
 -47.0   -68.0    0.0135   -0.0027
 -47.0   -67.0    0.0132   -0.0022
 -47.0   -66.0    0.0127   -0.0028
 -47.0   -65.0    0.0127   -0.0022
 -48.0   -75.0    0.0126    0.0040
 -48.0   -74.0    0.0123    0.0034
 -48.0   -73.0    0.0114    0.0039
 -48.0   -72.0    0.0120    0.0023
 -48.0   -71.0    0.0122    0.0020
 -48.0   -70.0    0.0123    0.0013
 -48.0   -69.0    0.0124    0.0007
 -48.0   -68.0    0.0129   -0.0003
 -48.0   -67.0    0.0129   -0.0010
 -48.0   -66.0    0.0126   -0.0022
 -48.0   -65.0    0.0127   -0.0016
 -49.0   -75.0    0.0124    0.0041
 -49.0   -74.0    0.0122    0.0039
 -49.0   -73.0    0.0118    0.0036
 -49.0   -72.0    0.0120    0.0030
 -49.0   -71.0    0.0121    0.0026
 -49.0   -70.0    0.0123    0.0022
 -49.0   -69.0    0.0124    0.0016
 -49.0   -68.0    0.0126    0.0011
 -49.0   -67.0    0.0127    0.0006
 -50.0   -75.0    0.0123    0.0043
 -50.0   -74.0    0.0121    0.0040
 -50.0   -73.0    0.0120    0.0037
 -50.0   -72.0    0.0120    0.0035
 -50.0   -71.0    0.0118    0.0036
 -50.0   -70.0    0.0121    0.0028
 -50.0   -69.0    0.0123    0.0025
 -50.0   -68.0    0.0125    0.0020
 -51.0   -75.0    0.0122    0.0046
 -51.0   -74.0    0.0122    0.0043
 -51.0   -73.0    0.0121    0.0040
 -51.0   -72.0    0.0122    0.0037
 -51.0   -71.0    0.0122    0.0036
 -51.0   -70.0    0.0122    0.0033
 -51.0   -69.0    0.0122    0.0031
 -52.0   -74.0    0.0122    0.0045
 -52.0   -73.0    0.0123    0.0042
 -52.0   -72.0    0.0125    0.0038
 -52.0   -71.0    0.0129    0.0032
 -52.0   -70.0    0.0131    0.0038
 -52.0   -69.0    0.0120    0.0037
 -53.0   -74.0    0.0122    0.0049
 -53.0   -73.0    0.0124    0.0045
 -53.0   -72.0    0.0125    0.0046
 -53.0   -71.0    0.0133    0.0048
 -53.0   -70.0    0.0126    0.0042
 -53.0   -69.0    0.0126    0.0035
 -53.0   -68.0    0.0120    0.0036
 -54.0   -72.0    0.0126    0.0046
 -54.0   -71.0    0.0130    0.0042
 -54.0   -70.0    0.0126    0.0053
 -54.0   -69.0    0.0120    0.0054
 -54.0   -68.0    0.0117    0.0053
 -54.0   -67.0    0.0109    0.0045
 -55.0   -70.0    0.0125    0.0062
 -55.0   -69.0    0.0121    0.0082
 -55.0   -68.0    0.0113    0.0092
 -55.0   -67.0    0.0105    0.0091
 -55.0   -66.0    0.0107    0.0071