Column 2 Latitude [dec degrees]
Column 1 Longitude [dec degrees]
Column 4 Velocity in N-S direction [m/a]
Column 3 Velocity in W-E direction [m/a]

 -13.0   -73.0    0.0110    0.0056
 -14.0   -73.0    0.0112    0.0076
 -14.0   -72.0    0.0117    0.0068
 -14.0   -71.0    0.0130    0.0067
 -14.0   -70.0    0.0147    0.0067
 -14.0   -74.0    0.0111    0.0088
 -15.0   -75.0    0.0128    0.0134
 -15.0   -74.0    0.0122    0.0121
 -15.0   -73.0    0.0113    0.0097
 -15.0   -72.0    0.0115    0.0084
 -15.0   -71.0    0.0118    0.0070
 -15.0   -70.0    0.0122    0.0056
 -15.0   -69.0    0.0158    0.0079
 -15.0   -68.0    0.0182    0.0086
 -16.0   -74.0    0.0111    0.0133
 -16.0   -73.0    0.0109    0.0113
 -16.0   -72.0    0.0103    0.0086
 -16.0   -71.0    0.0110    0.0077
 -16.0   -70.0    0.0119    0.0068
 -16.0   -69.0    0.0157    0.0094
 -16.0   -68.0    0.0179    0.0099
 -16.0   -75.0    0.0108    0.0139
 -17.0   -73.0    0.0118    0.0134
 -17.0   -72.0    0.0123    0.0113
 -17.0   -71.0    0.0134    0.0107
 -17.0   -70.0    0.0145    0.0112
 -17.0   -69.0    0.0165    0.0118
 -17.0   -68.0    0.0179    0.0112
 -17.0   -67.0    0.0189    0.0105
 -18.0   -71.0    0.0133    0.0130
 -18.0   -70.0    0.0160    0.0143
 -18.0   -69.0    0.0175    0.0144
 -18.0   -68.0    0.0173    0.0122
 -18.0   -67.0    0.0163    0.0081
 -18.0   -66.0    0.0201    0.0118
 -18.0   -65.0    0.0221    0.0124
 -18.0   -72.0    0.0120    0.0134
 -19.0   -71.0    0.0141    0.0155
 -19.0   -70.0    0.0163    0.0165
 -19.0   -69.0    0.0167    0.0165
 -19.0   -68.0    0.0176    0.0150
 -19.0   -67.0    0.0188    0.0135
 -19.0   -66.0    0.0204    0.0132
 -19.0   -65.0    0.0221    0.0138
 -19.0   -64.0    0.0243    0.0153
 -20.0   -71.0    0.0145    0.0177
 -20.0   -70.0    0.0158    0.0202
 -20.0   -69.0    0.0169    0.0190
 -20.0   -68.0    0.0176    0.0166
 -20.0   -67.0    0.0178    0.0134
 -20.0   -66.0    0.0200    0.0139
 -20.0   -65.0    0.0224    0.0163
 -20.0   -64.0    0.0243    0.0172
 -21.0   -71.0    0.0135    0.0202
 -21.0   -70.0    0.0176    0.0242
 -21.0   -65.0    0.0228    0.0181
 -21.0   -67.0    0.0178    0.0145
 -21.0   -66.0    0.0213    0.0179
 -21.0   -64.0    0.0244    0.0187
 -21.0   -68.0    0.0174    0.0175
 -21.0   -69.0    0.0163    0.0193
  20.0   -71.0    0.0084    0.0006
  20.0   -74.0    0.0069    0.0027
  20.0   -73.0    0.0066    0.0014
  20.0   -72.0    0.0056   -0.0008
  20.0   -75.0    0.0065    0.0028
  19.0   -76.0    0.0061    0.0040
  19.0   -75.0    0.0067    0.0040
  19.0   -77.0    0.0055    0.0038
  19.0   -73.0    0.0068    0.0024
  19.0   -72.0    0.0062    0.0008
  19.0   -71.0    0.0081    0.0009
  19.0   -79.0    0.0052    0.0047
  19.0   -80.0    0.0060    0.0062
  19.0   -74.0    0.0074    0.0042
  19.0   -78.0    0.0054    0.0048
  19.0   -64.0    0.0148    0.0064
  19.0   -65.0    0.0141    0.0064
  19.0   -66.0    0.0133    0.0062
  19.0   -67.0    0.0129    0.0057
  19.0   -68.0    0.0122    0.0049
  19.0   -69.0    0.0102    0.0040
  19.0   -70.0    0.0078    0.0018
  18.0   -62.0    0.0163    0.0090
  18.0   -63.0    0.0156    0.0089
  18.0   -64.0    0.0147    0.0071
  18.0   -65.0    0.0140    0.0069
  18.0   -66.0    0.0131    0.0068
  18.0   -67.0    0.0128    0.0065
  18.0   -81.0    0.0061    0.0073
  18.0   -80.0    0.0065    0.0072
  18.0   -79.0    0.0054    0.0056
  18.0   -78.0    0.0059    0.0058
  18.0   -77.0    0.0063    0.0056
  18.0   -76.0    0.0069    0.0060
  18.0   -75.0    0.0071    0.0054
  18.0   -74.0    0.0085    0.0065
  18.0   -73.0    0.0089    0.0062
  18.0   -72.0    0.0098    0.0068
  18.0   -71.0    0.0096    0.0050
  18.0   -70.0    0.0092    0.0042
  18.0   -69.0    0.0117    0.0052
  18.0   -68.0    0.0121    0.0057
  17.0   -73.0    0.0090    0.0070
  17.0   -84.0    0.0046    0.0040
  17.0   -83.0    0.0048    0.0048
  17.0   -82.0    0.0061    0.0068
  17.0   -81.0    0.0061    0.0073
  17.0   -80.0    0.0065    0.0079
  17.0   -79.0    0.0059    0.0069
  17.0   -78.0    0.0060    0.0067
  17.0   -77.0    0.0068    0.0067
  17.0   -76.0    0.0073    0.0068
  17.0   -75.0    0.0070    0.0059
  17.0   -74.0    0.0075    0.0058
  17.0   -61.0    0.0169    0.0095
  17.0   -72.0    0.0095    0.0070
  17.0   -71.0    0.0099    0.0070
  17.0   -70.0    0.0102    0.0064
  17.0   -69.0    0.0116    0.0063
  17.0   -68.0    0.0121    0.0066
  17.0   -67.0    0.0127    0.0071
  17.0   -66.0    0.0131    0.0073
  17.0   -65.0    0.0139    0.0072
  17.0   -64.0    0.0147    0.0078
  17.0   -63.0    0.0155    0.0089
  17.0   -62.0    0.0163    0.0093
  16.0   -62.0    0.0162    0.0096
  16.0   -87.0    0.0029    0.0041
  16.0   -86.0    0.0035    0.0041
  16.0   -85.0    0.0041    0.0041
  16.0   -84.0    0.0046    0.0046
  16.0   -83.0    0.0050    0.0048
  16.0   -75.0    0.0068    0.0059
  16.0   -76.0    0.0067    0.0065
  16.0   -77.0    0.0063    0.0069
  16.0   -78.0    0.0060    0.0071
  16.0   -79.0    0.0061    0.0075
  16.0   -73.0    0.0084    0.0068
  16.0   -72.0    0.0090    0.0069
  16.0   -71.0    0.0097    0.0075
  16.0   -70.0    0.0103    0.0074
  16.0   -69.0    0.0115    0.0073
  16.0   -68.0    0.0121    0.0072
  16.0   -67.0    0.0126    0.0075
  16.0   -66.0    0.0133    0.0078
  16.0   -65.0    0.0140    0.0080
  16.0   -64.0    0.0149    0.0089
  16.0   -63.0    0.0156    0.0096
  16.0   -82.0    0.0053    0.0055
  16.0   -61.0    0.0168    0.0097
  16.0   -60.0    0.0174    0.0102
  16.0   -80.0    0.0065    0.0085
  16.0   -81.0    0.0064    0.0075
  16.0   -74.0    0.0073    0.0059
  15.0   -79.0    0.0067    0.0088
  15.0   -88.0    0.0023    0.0047
  15.0   -87.0    0.0029    0.0047
  15.0   -86.0    0.0035    0.0047
  15.0   -85.0    0.0041    0.0048
  15.0   -84.0    0.0046    0.0053
  15.0   -83.0    0.0050    0.0055
  15.0   -82.0    0.0053    0.0061
  15.0   -81.0    0.0063    0.0081
  15.0   -80.0    0.0068    0.0088
  15.0   -78.0    0.0065    0.0082
  15.0   -77.0    0.0065    0.0078
  15.0   -60.0    0.0174    0.0103
  15.0   -61.0    0.0168    0.0103
  15.0   -62.0    0.0162    0.0102
  15.0   -63.0    0.0157    0.0101
  15.0   -64.0    0.0150    0.0100
  15.0   -65.0    0.0142    0.0092
  15.0   -66.0    0.0134    0.0087
  15.0   -67.0    0.0127    0.0083
  15.0   -68.0    0.0121    0.0081
  15.0   -69.0    0.0108    0.0082
  15.0   -70.0    0.0104    0.0082
  15.0   -71.0    0.0096    0.0080
  15.0   -72.0    0.0088    0.0072
  15.0   -73.0    0.0078    0.0064
  15.0   -74.0    0.0071    0.0063
  15.0   -75.0    0.0068    0.0064
  15.0   -76.0    0.0065    0.0072
  15.0   -89.0    0.0019    0.0032
  14.0   -90.0    0.0013    0.0040
  14.0   -80.0    0.0068    0.0094
  14.0   -89.0    0.0019    0.0039
  14.0   -88.0    0.0023    0.0054
  14.0   -87.0    0.0029    0.0054
  14.0   -86.0    0.0035    0.0054
  14.0   -79.0    0.0067    0.0094
  14.0   -84.0    0.0046    0.0059
  14.0   -83.0    0.0052    0.0059
  14.0   -82.0    0.0058    0.0087
  14.0   -81.0    0.0061    0.0088
  14.0   -78.0    0.0071    0.0092
  14.0   -77.0    0.0070    0.0089
  14.0   -76.0    0.0074    0.0091
  14.0   -75.0    0.0073    0.0082
  14.0   -74.0    0.0072    0.0072
  14.0   -73.0    0.0077    0.0067
  14.0   -72.0    0.0087    0.0076
  14.0   -71.0    0.0093    0.0078
  14.0   -70.0    0.0104    0.0085
  14.0   -69.0    0.0110    0.0089
  14.0   -68.0    0.0121    0.0089
  14.0   -67.0    0.0130    0.0093
  14.0   -66.0    0.0137    0.0102
  14.0   -65.0    0.0145    0.0105
  14.0   -64.0    0.0152    0.0107
  14.0   -63.0    0.0157    0.0107
  14.0   -62.0    0.0162    0.0108
  14.0   -61.0    0.0168    0.0108
  14.0   -60.0    0.0174    0.0108
  14.0   -59.0    0.0180    0.0105
  14.0   -58.0    0.0188    0.0114
  14.0   -85.0    0.0041    0.0054
  13.0   -58.0    0.0188    0.0111
  13.0   -62.0    0.0162    0.0113
  13.0   -63.0    0.0157    0.0113
  13.0   -64.0    0.0152    0.0112
  13.0   -65.0    0.0147    0.0112
  13.0   -66.0    0.0139    0.0110
  13.0   -67.0    0.0134    0.0110
  13.0   -68.0    0.0122    0.0106
  13.0   -90.0    0.0013    0.0040
  13.0   -89.0    0.0019    0.0046
  13.0   -88.0    0.0023    0.0060
  13.0   -87.0    0.0029    0.0060
  13.0   -86.0    0.0035    0.0060
  13.0   -69.0    0.0117    0.0106
  13.0   -70.0    0.0103    0.0088
  13.0   -85.0    0.0041    0.0060
  13.0   -84.0    0.0047    0.0060
  13.0   -83.0    0.0052    0.0066
  13.0   -82.0    0.0062    0.0094
  13.0   -81.0    0.0061    0.0094
  13.0   -80.0    0.0068    0.0095
  13.0   -79.0    0.0067    0.0101
  13.0   -78.0    0.0073    0.0101
  13.0   -77.0    0.0077    0.0101
  13.0   -74.0    0.0080    0.0095
  13.0   -75.0    0.0081    0.0098
  13.0   -76.0    0.0076    0.0095
  13.0   -60.0    0.0175    0.0108
  13.0   -61.0    0.0169    0.0113
  13.0   -59.0    0.0182    0.0110
  12.0   -68.0    0.0121    0.0116
  12.0   -67.0    0.0140    0.0116
  12.0   -66.0    0.0142    0.0117
  12.0   -65.0    0.0148    0.0118
  12.0   -64.0    0.0152    0.0118
  12.0   -63.0    0.0158    0.0116
  12.0   -62.0    0.0164    0.0113
  12.0   -61.0    0.0171    0.0114
  12.0   -60.0    0.0178    0.0116
  12.0   -59.0    0.0183    0.0116
  12.0   -58.0    0.0189    0.0117
  12.0   -69.0    0.0124    0.0116
  12.0   -76.0    0.0083    0.0107
  12.0   -77.0    0.0078    0.0108
  12.0   -78.0    0.0073    0.0108
  12.0   -79.0    0.0067    0.0108
  12.0   -80.0    0.0073    0.0103
  12.0   -81.0    0.0068    0.0097
  12.0   -89.0    0.0019    0.0052
  12.0   -88.0    0.0023    0.0066
  12.0   -87.0    0.0029    0.0066
  12.0   -86.0    0.0035    0.0067
  12.0   -85.0    0.0041    0.0067
  12.0   -84.0    0.0047    0.0067
  12.0   -83.0    0.0050    0.0068
  12.0   -75.0    0.0088    0.0108
  12.0   -82.0    0.0065    0.0100
  11.0   -87.0    0.0029    0.0073
  11.0   -85.0    0.0041    0.0073
  11.0   -84.0    0.0047    0.0073
  11.0   -83.0    0.0061    0.0099
  11.0   -82.0    0.0066    0.0095
  11.0   -81.0    0.0074    0.0104
  11.0   -80.0    0.0076    0.0108
  11.0   -79.0    0.0071    0.0118
  11.0   -78.0    0.0076    0.0118
  11.0   -77.0    0.0081    0.0118
  11.0   -76.0    0.0087    0.0119
  11.0   -68.0    0.0121    0.0088
  11.0   -67.0    0.0123    0.0088
  11.0   -66.0    0.0125    0.0106
  11.0   -65.0    0.0152    0.0117
  11.0   -64.0    0.0158    0.0119
  11.0   -63.0    0.0163    0.0119
  11.0   -62.0    0.0167    0.0120
  11.0   -61.0    0.0173    0.0119
  11.0   -60.0    0.0179    0.0120
  11.0   -59.0    0.0185    0.0119
  11.0   -58.0    0.0165    0.0111
  11.0   -86.0    0.0035    0.0073
  10.0   -82.0    0.0066    0.0101
  10.0   -81.0    0.0075    0.0110
  10.0   -83.0    0.0061    0.0099
  32.0  -112.0   -0.0080   -0.0114
  32.0  -111.0   -0.0086   -0.0123
  32.0  -110.0   -0.0083   -0.0124
  32.0  -109.0   -0.0079   -0.0125
  32.0  -108.0   -0.0076   -0.0125
  32.0  -107.0   -0.0072   -0.0126
  32.0  -106.0   -0.0069   -0.0127
  31.0  -113.0   -0.0084   -0.0110
  31.0  -112.0   -0.0080   -0.0111
  31.0  -111.0   -0.0086   -0.0121
  31.0  -110.0   -0.0080   -0.0120
  31.0  -109.0   -0.0076   -0.0121
  31.0  -108.0   -0.0073   -0.0122
  31.0  -107.0   -0.0069   -0.0122
  31.0  -106.0   -0.0066   -0.0123
  31.0  -105.0   -0.0061   -0.0123
  30.0  -106.0   -0.0065   -0.0123
  30.0  -105.0   -0.0061   -0.0128
  30.0  -112.0   -0.0078   -0.0109
  30.0  -111.0   -0.0083   -0.0117
  30.0  -110.0   -0.0080   -0.0118
  30.0  -109.0   -0.0076   -0.0118
  30.0  -107.0   -0.0068   -0.0119
  30.0  -108.0   -0.0072   -0.0118
  30.0  -104.0   -0.0058   -0.0134
  29.0  -100.0   -0.0050   -0.0126
  29.0  -105.0   -0.0061   -0.0121
  29.0  -104.0   -0.0058   -0.0122
  29.0  -106.0   -0.0065   -0.0118
  29.0  -107.0   -0.0068   -0.0116
  29.0  -102.0   -0.0053   -0.0123
  29.0  -108.0   -0.0072   -0.0115
  29.0  -103.0   -0.0056   -0.0122
  29.0  -101.0   -0.0053   -0.0126
  29.0  -111.0   -0.0079   -0.0110
  29.0  -110.0   -0.0080   -0.0115
  29.0  -109.0   -0.0075   -0.0113
  28.0  -105.0   -0.0059   -0.0114
  28.0  -106.0   -0.0065   -0.0114
  28.0  -110.0   -0.0079   -0.0109
  28.0  -109.0   -0.0075   -0.0111
  28.0  -108.0   -0.0072   -0.0111
  28.0  -104.0   -0.0057   -0.0114
  28.0  -103.0   -0.0054   -0.0119
  28.0  -107.0   -0.0068   -0.0114
  28.0  -100.0   -0.0042   -0.0119
  28.0  -101.0   -0.0045   -0.0118
  28.0  -102.0   -0.0050   -0.0119
  27.0  -109.0   -0.0076   -0.0107
  27.0  -106.0   -0.0061   -0.0108
  27.0  -105.0   -0.0058   -0.0109
  27.0  -104.0   -0.0054   -0.0109
  27.0  -103.0   -0.0051   -0.0114
  27.0  -102.0   -0.0048   -0.0114
  27.0  -101.0   -0.0043   -0.0114
  27.0  -100.0   -0.0040   -0.0114
  27.0   -99.0   -0.0037   -0.0115
  27.0  -108.0   -0.0073   -0.0107
  27.0  -107.0   -0.0064   -0.0108
  27.0  -110.0   -0.0080   -0.0106
  26.0  -108.0   -0.0068   -0.0102
  26.0  -110.0   -0.0073   -0.0096
  26.0  -103.0   -0.0050   -0.0110
  26.0  -107.0   -0.0061   -0.0103
  26.0  -106.0   -0.0060   -0.0105
  26.0  -105.0   -0.0057   -0.0106
  26.0  -104.0   -0.0054   -0.0110
  26.0  -102.0   -0.0047   -0.0111
  26.0  -101.0   -0.0042   -0.0110
  26.0  -100.0   -0.0039   -0.0108
  26.0   -99.0   -0.0036   -0.0110
  26.0  -109.0   -0.0076   -0.0103
  25.0  -102.0   -0.0040   -0.0102
  25.0  -109.0   -0.0069   -0.0094
  25.0  -108.0   -0.0066   -0.0097
  25.0  -107.0   -0.0056   -0.0097
  25.0  -106.0   -0.0053   -0.0097
  25.0  -105.0   -0.0049   -0.0098
  25.0  -104.0   -0.0047   -0.0102
  25.0  -103.0   -0.0043   -0.0101
  25.0   -77.0    0.0043   -0.0095
  25.0  -101.0   -0.0040   -0.0100
  25.0  -100.0   -0.0037   -0.0100
  25.0   -99.0   -0.0037   -0.0101
  25.0   -98.0   -0.0034   -0.0100
  25.0   -79.0    0.0036   -0.0093
  25.0   -78.0    0.0039   -0.0094
  24.0  -108.0   -0.0052   -0.0086
  24.0   -75.0    0.0050   -0.0091
  24.0  -107.0   -0.0051   -0.0090
  24.0  -106.0   -0.0047   -0.0093
  24.0  -105.0   -0.0048   -0.0098
  24.0  -104.0   -0.0047   -0.0098
  24.0  -103.0   -0.0047   -0.0096
  24.0  -102.0   -0.0041   -0.0093
  24.0  -101.0   -0.0037   -0.0093
  24.0  -100.0   -0.0033   -0.0092
  24.0   -99.0   -0.0029   -0.0092
  24.0   -98.0   -0.0034   -0.0097
  24.0   -79.0    0.0036   -0.0091
  24.0   -78.0    0.0039   -0.0091
  24.0   -77.0    0.0043   -0.0091
  24.0   -76.0    0.0046   -0.0092
  23.0  -101.0   -0.0035   -0.0089
  23.0  -108.0   -0.0054   -0.0085
  23.0  -107.0   -0.0050   -0.0090
  23.0  -106.0   -0.0047   -0.0090
  23.0  -105.0   -0.0046   -0.0092
  23.0  -104.0   -0.0048   -0.0089
  23.0  -103.0   -0.0043   -0.0089
  23.0  -102.0   -0.0038   -0.0089
  23.0   -79.0    0.0036   -0.0088
  23.0   -78.0    0.0039   -0.0089
  23.0   -77.0    0.0043   -0.0088
  23.0   -76.0    0.0046   -0.0089
  23.0   -75.0    0.0050   -0.0088
  23.0   -74.0    0.0053   -0.0087
  23.0   -73.0    0.0058   -0.0092
  23.0   -98.0   -0.0027   -0.0098
  23.0   -99.0   -0.0029   -0.0096
  23.0  -100.0   -0.0032   -0.0096
  23.0   -97.0   -0.0027   -0.0100
  22.0   -73.0    0.0058   -0.0085
  22.0  -108.0   -0.0049   -0.0082
  22.0  -107.0   -0.0048   -0.0085
  22.0  -106.0   -0.0049   -0.0086
  22.0  -105.0   -0.0046   -0.0088
  22.0  -104.0   -0.0046   -0.0085
  22.0  -103.0   -0.0039   -0.0085
  22.0  -101.0   -0.0034   -0.0091
  22.0  -100.0   -0.0032   -0.0093
  22.0   -99.0   -0.0029   -0.0094
  22.0   -98.0   -0.0031   -0.0094
  22.0   -97.0   -0.0028   -0.0096
  22.0   -96.0   -0.0024   -0.0096
  22.0   -80.0    0.0031   -0.0088
  22.0   -79.0    0.0036   -0.0085
  22.0   -78.0    0.0039   -0.0086
  22.0   -77.0    0.0043   -0.0085
  22.0   -76.0    0.0046   -0.0085
  22.0   -75.0    0.0050   -0.0085
  22.0   -74.0    0.0053   -0.0084
  22.0  -102.0   -0.0032   -0.0085
  22.0   -72.0    0.0063   -0.0090
  21.0  -101.0   -0.0038   -0.0088
  21.0  -102.0   -0.0037   -0.0086
  21.0  -103.0   -0.0039   -0.0082
  21.0  -104.0   -0.0044   -0.0082
  21.0  -105.0   -0.0048   -0.0080
  21.0  -106.0   -0.0045   -0.0080
  21.0  -100.0   -0.0033   -0.0090
  21.0   -99.0   -0.0030   -0.0091
  21.0   -98.0   -0.0026   -0.0092
  21.0   -97.0   -0.0022   -0.0091
  21.0   -96.0   -0.0024   -0.0093
  21.0   -95.0   -0.0026   -0.0099
  21.0   -78.0    0.0039   -0.0082
  21.0   -93.0   -0.0020   -0.0101
  21.0   -92.0   -0.0012   -0.0099
  21.0   -91.0   -0.0007   -0.0101
  21.0   -90.0   -0.0005   -0.0099
  21.0   -89.0   -0.0003   -0.0098
  21.0   -88.0   -0.0001   -0.0101
  21.0   -87.0    0.0003   -0.0099
  21.0   -86.0    0.0010   -0.0097
  21.0   -94.0   -0.0023   -0.0102
  21.0   -79.0    0.0036   -0.0081
  21.0   -80.0    0.0031   -0.0085
  21.0   -81.0    0.0028   -0.0085
  21.0   -85.0    0.0013   -0.0096
  21.0   -84.0    0.0017   -0.0087
  21.0   -83.0    0.0020   -0.0086
  21.0   -77.0    0.0043   -0.0082
  21.0   -76.0    0.0046   -0.0083
  21.0   -75.0    0.0050   -0.0082
  21.0   -74.0    0.0054   -0.0080
  21.0   -73.0    0.0059   -0.0082
  21.0   -72.0    0.0063   -0.0087
  21.0   -71.0    0.0066   -0.0087
  21.0   -82.0    0.0025   -0.0087
  20.0   -84.0    0.0017   -0.0089
  20.0   -77.0    0.0044   -0.0081
  20.0   -78.0    0.0039   -0.0079
  20.0   -79.0    0.0037   -0.0076
  20.0   -80.0    0.0031   -0.0082
  20.0   -81.0    0.0029   -0.0082
  20.0   -82.0    0.0025   -0.0083
  20.0  -106.0   -0.0045   -0.0077
  20.0  -105.0   -0.0044   -0.0074
  20.0  -104.0   -0.0031   -0.0078
  20.0  -103.0   -0.0031   -0.0080
  20.0  -102.0   -0.0038   -0.0082
  20.0  -101.0   -0.0036   -0.0084
  20.0  -100.0   -0.0034   -0.0087
  20.0   -99.0   -0.0034   -0.0089
  20.0   -98.0   -0.0032   -0.0090
  20.0   -97.0   -0.0025   -0.0090
  20.0   -96.0   -0.0030   -0.0096
  20.0   -95.0   -0.0026   -0.0097
  20.0   -94.0   -0.0019   -0.0094
  20.0   -93.0   -0.0013   -0.0092
  20.0   -92.0   -0.0009   -0.0093
  20.0   -91.0   -0.0004   -0.0095
  20.0   -83.0    0.0020   -0.0083
  20.0   -76.0    0.0052   -0.0084
  20.0   -85.0    0.0012   -0.0092
  20.0   -86.0    0.0007   -0.0093
  20.0   -87.0    0.0004   -0.0093
  20.0   -88.0    0.0005   -0.0094
  20.0   -90.0   -0.0002   -0.0094
  20.0   -89.0    0.0002   -0.0093
  19.0   -89.0    0.0003   -0.0089
  19.0   -88.0    0.0005   -0.0089
  19.0   -87.0    0.0010   -0.0087
  19.0   -90.0    0.0000   -0.0091
  19.0  -103.0   -0.0026   -0.0075
  19.0  -102.0   -0.0036   -0.0078
  19.0  -101.0   -0.0034   -0.0080
  19.0  -100.0   -0.0035   -0.0084
  19.0   -92.0   -0.0009   -0.0089
  19.0   -98.0   -0.0059   -0.0087
  19.0   -97.0   -0.0038   -0.0089
  19.0   -96.0   -0.0025   -0.0093
  19.0   -95.0   -0.0019   -0.0088
  19.0   -94.0   -0.0015   -0.0088
  19.0   -93.0   -0.0012   -0.0088
  19.0   -91.0   -0.0003   -0.0091
  19.0   -99.0   -0.0039   -0.0084
  19.0  -105.0   -0.0042   -0.0071
  19.0   -86.0    0.0015   -0.0084
  19.0   -85.0    0.0012   -0.0089
  19.0   -84.0    0.0017   -0.0088
  19.0   -83.0    0.0019   -0.0084
  19.0   -81.0    0.0029   -0.0079
  19.0   -82.0    0.0026   -0.0080
  19.0  -104.0   -0.0013   -0.0074
  18.0  -104.0   -0.0040   -0.0067
  18.0  -103.0   -0.0038   -0.0073
  18.0  -102.0   -0.0037   -0.0076
  18.0  -101.0   -0.0033   -0.0077
  18.0   -89.0    0.0004   -0.0085
  18.0   -88.0    0.0006   -0.0085
  18.0   -87.0    0.0010   -0.0085
  18.0   -86.0    0.0014   -0.0082
  18.0   -85.0    0.0016   -0.0081
  18.0  -100.0   -0.0031   -0.0079
  18.0   -99.0   -0.0031   -0.0080
  18.0   -98.0   -0.0031   -0.0084
  18.0   -97.0   -0.0028   -0.0086
  18.0   -96.0   -0.0021   -0.0084
  18.0   -95.0   -0.0019   -0.0085
  18.0   -94.0   -0.0015   -0.0085
  18.0   -93.0   -0.0008   -0.0084
  18.0   -92.0   -0.0008   -0.0086
  18.0   -91.0   -0.0004   -0.0089
  18.0   -90.0    0.0000   -0.0088
  18.0   -84.0    0.0016   -0.0086
  18.0   -83.0    0.0020   -0.0083
  18.0   -82.0    0.0026   -0.0076
  17.0   -95.0   -0.0019   -0.0081
  17.0   -86.0    0.0014   -0.0079
  17.0   -85.0    0.0018   -0.0077
  17.0   -88.0    0.0008   -0.0082
  17.0   -89.0    0.0006   -0.0082
  17.0   -90.0    0.0000   -0.0086
  17.0   -91.0   -0.0007   -0.0089
  17.0   -92.0   -0.0010   -0.0085
  17.0   -93.0   -0.0012   -0.0082
  17.0   -94.0   -0.0015   -0.0081
  17.0   -87.0    0.0011   -0.0082
  17.0  -101.0   -0.0033   -0.0073
  17.0  -100.0   -0.0030   -0.0075
  17.0   -99.0   -0.0027   -0.0076
  17.0   -98.0   -0.0031   -0.0079
  17.0   -97.0   -0.0021   -0.0083
  17.0   -96.0   -0.0019   -0.0079
  16.0   -92.0   -0.0018   -0.0084
  16.0   -91.0   -0.0022   -0.0092
  16.0   -93.0   -0.0014   -0.0080
  16.0   -94.0   -0.0015   -0.0078
  16.0   -95.0   -0.0018   -0.0078
  16.0   -96.0   -0.0021   -0.0078
  16.0   -90.0   -0.0007   -0.0086
  16.0   -89.0   -0.0001   -0.0082
  16.0   -88.0    0.0006   -0.0079
  16.0   -97.0   -0.0023   -0.0076
  16.0   -99.0   -0.0026   -0.0072
  16.0   -98.0   -0.0033   -0.0076
  15.0   -92.0   -0.0025   -0.0088
  15.0   -93.0   -0.0015   -0.0078
  15.0   -91.0   -0.0002   -0.0077
  15.0   -90.0   -0.0003   -0.0075
  15.0   -94.0   -0.0015   -0.0076
  15.0   -95.0   -0.0018   -0.0075
  14.0   -91.0    0.0041   -0.0050
  14.0   -92.0   -0.0005   -0.0072
  14.0   -93.0   -0.0010   -0.0075
  13.0   -72.0    0.0129    0.0078
  13.0   -71.0    0.0128    0.0078
  13.0   -73.0    0.0130    0.0080
  12.0   -74.0    0.0135    0.0069
  12.0   -73.0    0.0133    0.0064
  12.0   -72.0    0.0130    0.0066
  12.0   -71.0    0.0129    0.0076
  11.0   -69.0    0.0124    0.0065
  11.0   -71.0    0.0131    0.0057
  11.0   -74.0    0.0139    0.0058
  11.0   -73.0    0.0135    0.0055
  11.0   -72.0    0.0133    0.0052
  11.0   -70.0    0.0127    0.0062
  11.0   -75.0    0.0131    0.0079
  10.0   -74.0    0.0147    0.0058
  10.0   -73.0    0.0137    0.0050
  10.0   -72.0    0.0134    0.0045
  10.0   -76.0    0.0140    0.0105
  10.0   -75.0    0.0139    0.0099
  10.0   -70.0    0.0131    0.0049
  10.0   -71.0    0.0131    0.0044
   9.0   -71.0    0.0133    0.0041
   9.0   -73.0    0.0138    0.0049
   9.0   -74.0    0.0139    0.0064
   9.0   -75.0    0.0139    0.0086
   9.0   -77.0    0.0142    0.0077
   9.0   -76.0    0.0140    0.0091
   9.0   -72.0    0.0134    0.0041
   8.0   -75.0    0.0140    0.0061
   8.0   -74.0    0.0138    0.0050
   8.0   -72.0    0.0138    0.0035
   8.0   -77.0    0.0142    0.0081
   8.0   -76.0    0.0140    0.0075
   8.0   -73.0    0.0139    0.0040
   7.0   -75.0    0.0142    0.0033
   7.0   -77.0    0.0140    0.0050
   7.0   -74.0    0.0148    0.0025
   7.0   -73.0    0.0137    0.0033
   7.0   -78.0    0.0141    0.0045
   7.0   -76.0    0.0139    0.0045
   6.0   -74.0    0.0140    0.0019
   6.0   -76.0    0.0138    0.0021
   6.0   -75.0    0.0140    0.0012
   6.0   -73.0    0.0135    0.0019
   6.0   -78.0    0.0141    0.0037
   6.0   -77.0    0.0140    0.0028
   5.0   -78.0    0.0141    0.0028
   5.0   -77.0    0.0140    0.0022
   5.0   -76.0    0.0138    0.0015
   5.0   -75.0    0.0137    0.0016
   5.0   -74.0    0.0128    0.0016
   5.0   -73.0    0.0133    0.0016
   4.0   -77.0    0.0139    0.0017
   4.0   -78.0    0.0141    0.0028
   4.0   -76.0    0.0138    0.0010
   4.0   -74.0    0.0135    0.0038
   4.0   -75.0    0.0137    0.0019
   3.0   -77.0    0.0140    0.0029
   3.0   -75.0    0.0138    0.0025
   3.0   -76.0    0.0138    0.0022
   3.0   -78.0    0.0142    0.0042
   2.0   -77.0    0.0141    0.0047
   2.0   -78.0    0.0142    0.0060
   2.0   -76.0    0.0140    0.0037
   2.0   -79.0    0.0142    0.0073
   1.0   -79.0    0.0140    0.0085
   1.0   -77.0    0.0142    0.0055
   1.0   -80.0    0.0154    0.0089
   1.0   -78.0    0.0143    0.0082
   0.0   -80.0    0.0150    0.0061
   0.0   -79.0    0.0142    0.0062
  -1.0   -80.0    0.0133    0.0067
  -1.0   -81.0    0.0135    0.0077
  -1.0   -79.0    0.0134    0.0065
  -2.0   -80.0    0.0132    0.0076
  -2.0   -79.0    0.0134    0.0070
  -2.0   -81.0    0.0132    0.0083
  10.0   -79.0    0.0140    0.0163
  10.0   -86.0    0.0198    0.0154
  10.0   -85.0    0.0210    0.0155
   9.0   -78.0    0.0125    0.0175
   9.0   -79.0    0.0136    0.0160
   9.0   -80.0    0.0131    0.0159
   9.0   -81.0    0.0143    0.0159
   9.0   -82.0    0.0138    0.0159
   9.0   -83.0    0.0178    0.0158
   9.0   -84.0    0.0179    0.0158
   8.0   -78.0    0.0125    0.0172
   8.0   -80.0    0.0130    0.0156
   8.0   -81.0    0.0143    0.0156
   8.0   -82.0    0.0151    0.0155
   8.0   -83.0    0.0166    0.0155
   8.0   -79.0    0.0137    0.0158
   7.0   -82.0    0.0153    0.0152
   7.0   -81.0    0.0147    0.0152
   7.0   -80.0    0.0136    0.0152
   7.0   -79.0    0.0133    0.0169
  10.0   -68.0    0.0115   -0.0034
  10.0   -69.0    0.0113   -0.0041
  10.0   -61.0    0.0118   -0.0042
  10.0   -60.0    0.0118   -0.0054
  10.0   -67.0    0.0118   -0.0023
  10.0   -66.0    0.0117   -0.0031
  10.0   -65.0    0.0116   -0.0038
  10.0   -64.0    0.0117   -0.0039
  10.0   -59.0    0.0118   -0.0054
  10.0   -58.0    0.0119   -0.0053
  10.0   -63.0    0.0117   -0.0041
  10.0   -62.0    0.0119   -0.0044
   9.0   -64.0    0.0118   -0.0043
   9.0   -62.0    0.0120   -0.0047
   9.0   -61.0    0.0119   -0.0043
   9.0   -60.0    0.0119   -0.0055
   9.0   -59.0    0.0119   -0.0054
   9.0   -58.0    0.0121   -0.0055
   9.0   -65.0    0.0116   -0.0039
   9.0   -66.0    0.0115   -0.0037
   9.0   -67.0    0.0116   -0.0037
   9.0   -69.0    0.0112   -0.0042
   9.0   -70.0    0.0111   -0.0046
   9.0   -63.0    0.0119   -0.0048
   9.0   -68.0    0.0114   -0.0039
   8.0   -70.0    0.0111   -0.0054
   8.0   -69.0    0.0113   -0.0052
   8.0   -68.0    0.0113   -0.0043
   8.0   -67.0    0.0114   -0.0042
   8.0   -66.0    0.0115   -0.0041
   8.0   -65.0    0.0117   -0.0046
   8.0   -64.0    0.0119   -0.0043
   8.0   -63.0    0.0119   -0.0047
   8.0   -62.0    0.0120   -0.0047
   8.0   -61.0    0.0118   -0.0048
   8.0   -60.0    0.0119   -0.0054
   8.0   -59.0    0.0120   -0.0055
   8.0   -58.0    0.0121   -0.0055
   8.0   -71.0    0.0110   -0.0055
   7.0   -72.0    0.0110   -0.0057
   7.0   -71.0    0.0108   -0.0061
   7.0   -70.0    0.0110   -0.0055
   7.0   -69.0    0.0112   -0.0052
   7.0   -68.0    0.0113   -0.0053
   7.0   -67.0    0.0113   -0.0047
   7.0   -66.0    0.0115   -0.0047
   7.0   -65.0    0.0116   -0.0046
   7.0   -64.0    0.0117   -0.0045
   7.0   -63.0    0.0119   -0.0047
   7.0   -62.0    0.0120   -0.0046
   7.0   -61.0    0.0117   -0.0056
   7.0   -58.0    0.0121   -0.0054
   7.0   -59.0    0.0120   -0.0055
   7.0   -60.0    0.0119   -0.0054
   7.0   -57.0    0.0121   -0.0054
   6.0   -57.0    0.0121   -0.0054
   6.0   -58.0    0.0121   -0.0054
   6.0   -56.0    0.0121   -0.0053
   6.0   -60.0    0.0119   -0.0053
   6.0   -61.0    0.0117   -0.0056
   6.0   -62.0    0.0120   -0.0046
   6.0   -63.0    0.0119   -0.0046
   6.0   -64.0    0.0119   -0.0042
   6.0   -65.0    0.0117   -0.0047
   6.0   -66.0    0.0115   -0.0048
   6.0   -67.0    0.0114   -0.0052
   6.0   -68.0    0.0113   -0.0052
   6.0   -69.0    0.0113   -0.0050
   6.0   -70.0    0.0111   -0.0052
   6.0   -71.0    0.0110   -0.0056
   6.0   -72.0    0.0108   -0.0066
   6.0   -55.0    0.0122   -0.0050
   6.0   -54.0    0.0120   -0.0049
   6.0   -53.0    0.0120   -0.0049
   6.0   -59.0    0.0120   -0.0054
   5.0   -53.0    0.0120   -0.0049
   5.0   -71.0    0.0110   -0.0062
   5.0   -70.0    0.0112   -0.0054
   5.0   -69.0    0.0113   -0.0050
   5.0   -68.0    0.0114   -0.0050
   5.0   -67.0    0.0115   -0.0051
   5.0   -66.0    0.0116   -0.0046
   5.0   -65.0    0.0117   -0.0046
   5.0   -64.0    0.0120   -0.0044
   5.0   -63.0    0.0120   -0.0047
   5.0   -62.0    0.0119   -0.0058
   5.0   -61.0    0.0117   -0.0055
   5.0   -60.0    0.0119   -0.0053
   5.0   -59.0    0.0120   -0.0054
   5.0   -58.0    0.0121   -0.0054
   5.0   -57.0    0.0121   -0.0054
   5.0   -56.0    0.0121   -0.0052
   5.0   -55.0    0.0121   -0.0050
   5.0   -54.0    0.0120   -0.0049
   5.0   -72.0    0.0108   -0.0065
   5.0   -52.0    0.0120   -0.0049
   4.0   -67.0    0.0116   -0.0050
   4.0   -68.0    0.0115   -0.0048
   4.0   -69.0    0.0113   -0.0059
   4.0   -70.0    0.0111   -0.0061
   4.0   -71.0    0.0110   -0.0061
   4.0   -72.0    0.0113   -0.0044
   4.0   -73.0    0.0112   -0.0044
   4.0   -66.0    0.0117   -0.0046
   4.0   -65.0    0.0117   -0.0054
   4.0   -56.0    0.0118   -0.0051
   4.0   -54.0    0.0119   -0.0050
   4.0   -53.0    0.0119   -0.0050
   4.0   -52.0    0.0121   -0.0050
   4.0   -64.0    0.0120   -0.0055
   4.0   -63.0    0.0120   -0.0056
   4.0   -62.0    0.0121   -0.0056
   4.0   -61.0    0.0118   -0.0053
   4.0   -60.0    0.0119   -0.0053
   4.0   -59.0    0.0120   -0.0054
   4.0   -58.0    0.0121   -0.0053
   4.0   -57.0    0.0121   -0.0053
   4.0   -51.0    0.0121   -0.0049
   4.0   -55.0    0.0119   -0.0051
   3.0   -73.0    0.0112   -0.0040
   3.0   -58.0    0.0117   -0.0053
   3.0   -57.0    0.0118   -0.0051
   3.0   -56.0    0.0118   -0.0051
   3.0   -55.0    0.0119   -0.0051
   3.0   -54.0    0.0121   -0.0051
   3.0   -53.0    0.0121   -0.0050
   3.0   -52.0    0.0121   -0.0050
   3.0   -72.0    0.0113   -0.0044
   3.0   -71.0    0.0110   -0.0059
   3.0   -70.0    0.0111   -0.0060
   3.0   -69.0    0.0112   -0.0060
   3.0   -68.0    0.0115   -0.0058
   3.0   -67.0    0.0117   -0.0057
   3.0   -74.0    0.0101   -0.0023
   3.0   -66.0    0.0117   -0.0057
   3.0   -65.0    0.0119   -0.0055
   3.0   -59.0    0.0117   -0.0054
   3.0   -60.0    0.0116   -0.0052
   3.0   -64.0    0.0120   -0.0055
   3.0   -51.0    0.0121   -0.0050
   3.0   -63.0    0.0116   -0.0058
   3.0   -62.0    0.0117   -0.0057
   3.0   -61.0    0.0115   -0.0052
   2.0   -59.0    0.0115   -0.0053
   2.0   -60.0    0.0116   -0.0053
   2.0   -61.0    0.0118   -0.0054
   2.0   -62.0    0.0117   -0.0056
   2.0   -63.0    0.0115   -0.0057
   2.0   -64.0    0.0115   -0.0057
   2.0   -65.0    0.0119   -0.0054
   2.0   -58.0    0.0118   -0.0053
   2.0   -66.0    0.0118   -0.0058
   2.0   -67.0    0.0118   -0.0056
   2.0   -68.0    0.0117   -0.0056
   2.0   -69.0    0.0112   -0.0058
   2.0   -70.0    0.0111   -0.0057
   2.0   -71.0    0.0110   -0.0054
   2.0   -72.0    0.0112   -0.0040
   2.0   -73.0    0.0104   -0.0029
   2.0   -74.0    0.0101   -0.0025
   2.0   -75.0    0.0100   -0.0025
   2.0   -51.0    0.0121   -0.0050
   2.0   -52.0    0.0121   -0.0050
   2.0   -57.0    0.0118   -0.0051
   2.0   -56.0    0.0120   -0.0052
   2.0   -55.0    0.0122   -0.0050
   2.0   -54.0    0.0122   -0.0050
   2.0   -53.0    0.0121   -0.0050
   2.0   -50.0    0.0121   -0.0050
   1.0   -51.0    0.0122   -0.0050
   1.0   -50.0    0.0123   -0.0051
   1.0   -76.0    0.0099   -0.0021
   1.0   -75.0    0.0100   -0.0020
   1.0   -67.0    0.0115   -0.0058
   1.0   -66.0    0.0115   -0.0055
   1.0   -65.0    0.0113   -0.0057
   1.0   -64.0    0.0114   -0.0057
   1.0   -63.0    0.0114   -0.0056
   1.0   -62.0    0.0117   -0.0055
   1.0   -61.0    0.0117   -0.0055
   1.0   -60.0    0.0118   -0.0053
   1.0   -59.0    0.0117   -0.0052
   1.0   -58.0    0.0118   -0.0053
   1.0   -57.0    0.0120   -0.0051
   1.0   -56.0    0.0120   -0.0051
   1.0   -55.0    0.0121   -0.0051
   1.0   -74.0    0.0101   -0.0020
   1.0   -54.0    0.0122   -0.0050
   1.0   -53.0    0.0122   -0.0050
   1.0   -69.0    0.0112   -0.0056
   1.0   -70.0    0.0111   -0.0056
   1.0   -52.0    0.0123   -0.0049
   1.0   -71.0    0.0110   -0.0053
   1.0   -72.0    0.0112   -0.0037
   1.0   -73.0    0.0104   -0.0027
   1.0   -68.0    0.0113   -0.0057
   0.0   -76.0    0.0099   -0.0019
   0.0   -75.0    0.0100   -0.0019
   0.0   -74.0    0.0101   -0.0018
   0.0   -47.0    0.0125   -0.0055
   0.0   -48.0    0.0126   -0.0056
   0.0   -49.0    0.0124   -0.0056
   0.0   -73.0    0.0104   -0.0022
   0.0   -50.0    0.0123   -0.0055
   0.0   -51.0    0.0123   -0.0052
   0.0   -52.0    0.0123   -0.0050
   0.0   -53.0    0.0123   -0.0050
   0.0   -78.0    0.0097   -0.0022
   0.0   -54.0    0.0122   -0.0050
   0.0   -55.0    0.0121   -0.0052
   0.0   -56.0    0.0120   -0.0051
   0.0   -57.0    0.0120   -0.0051
   0.0   -58.0    0.0120   -0.0053
   0.0   -59.0    0.0117   -0.0053
   0.0   -60.0    0.0117   -0.0054
   0.0   -61.0    0.0118   -0.0053
   0.0   -62.0    0.0115   -0.0055
   0.0   -63.0    0.0114   -0.0055
   0.0   -64.0    0.0114   -0.0055
   0.0   -65.0    0.0113   -0.0056
   0.0   -66.0    0.0112   -0.0056
   0.0   -67.0    0.0117   -0.0057
   0.0   -68.0    0.0113   -0.0056
   0.0   -69.0    0.0112   -0.0056
   0.0   -70.0    0.0110   -0.0057
   0.0   -71.0    0.0110   -0.0051
   0.0   -72.0    0.0113   -0.0034
   0.0   -77.0    0.0098   -0.0021
  -1.0   -65.0    0.0113   -0.0054
  -1.0   -45.0    0.0122   -0.0057
  -1.0   -46.0    0.0124   -0.0058
  -1.0   -47.0    0.0124   -0.0058
  -1.0   -48.0    0.0125   -0.0055
  -1.0   -50.0    0.0123   -0.0056
  -1.0   -51.0    0.0123   -0.0052
  -1.0   -52.0    0.0123   -0.0052
  -1.0   -53.0    0.0124   -0.0050
  -1.0   -54.0    0.0122   -0.0052
  -1.0   -55.0    0.0121   -0.0052
  -1.0   -56.0    0.0120   -0.0051
  -1.0   -57.0    0.0120   -0.0051
  -1.0   -58.0    0.0120   -0.0055
  -1.0   -59.0    0.0116   -0.0053
  -1.0   -60.0    0.0115   -0.0054
  -1.0   -61.0    0.0116   -0.0052
  -1.0   -62.0    0.0114   -0.0055
  -1.0   -63.0    0.0113   -0.0055
  -1.0   -64.0    0.0114   -0.0054
  -1.0   -66.0    0.0112   -0.0054
  -1.0   -67.0    0.0115   -0.0056
  -1.0   -68.0    0.0113   -0.0054
  -1.0   -69.0    0.0112   -0.0054
  -1.0   -70.0    0.0110   -0.0056
  -1.0   -71.0    0.0109   -0.0050
  -1.0   -72.0    0.0105   -0.0023
  -1.0   -73.0    0.0104   -0.0023
  -1.0   -74.0    0.0101   -0.0020
  -1.0   -75.0    0.0100   -0.0017
  -1.0   -76.0    0.0099   -0.0017
  -1.0   -77.0    0.0098   -0.0016
  -1.0   -78.0    0.0097   -0.0015
  -1.0   -49.0    0.0124   -0.0056
  -2.0   -43.0    0.0132   -0.0054
  -2.0   -44.0    0.0130   -0.0058
  -2.0   -46.0    0.0124   -0.0058
  -2.0   -47.0    0.0124   -0.0058
  -2.0   -48.0    0.0123   -0.0057
  -2.0   -49.0    0.0123   -0.0059
  -2.0   -50.0    0.0124   -0.0055
  -2.0   -51.0    0.0123   -0.0052
  -2.0   -52.0    0.0123   -0.0052
  -2.0   -53.0    0.0123   -0.0051
  -2.0   -54.0    0.0122   -0.0051
  -2.0   -55.0    0.0121   -0.0051
  -2.0   -56.0    0.0119   -0.0050
  -2.0   -57.0    0.0119   -0.0050
  -2.0   -58.0    0.0120   -0.0054
  -2.0   -59.0    0.0116   -0.0053
  -2.0   -60.0    0.0115   -0.0054
  -2.0   -61.0    0.0116   -0.0052
  -2.0   -62.0    0.0118   -0.0052
  -2.0   -63.0    0.0113   -0.0055
  -2.0   -64.0    0.0114   -0.0053
  -2.0   -65.0    0.0113   -0.0054
  -2.0   -66.0    0.0109   -0.0055
  -2.0   -67.0    0.0113   -0.0048
  -2.0   -69.0    0.0111   -0.0051
  -2.0   -70.0    0.0109   -0.0053
  -2.0   -71.0    0.0107   -0.0049
  -2.0   -72.0    0.0105   -0.0022
  -2.0   -73.0    0.0103   -0.0025
  -2.0   -74.0    0.0100   -0.0023
  -2.0   -75.0    0.0099   -0.0023
  -2.0   -76.0    0.0098   -0.0022
  -2.0   -77.0    0.0098   -0.0014
  -2.0   -78.0    0.0095   -0.0007
  -2.0   -68.0    0.0113   -0.0053
  -2.0   -45.0    0.0125   -0.0057
  -3.0   -75.0    0.0099   -0.0021
  -3.0   -74.0    0.0100   -0.0022
  -3.0   -73.0    0.0103   -0.0024
  -3.0   -72.0    0.0106   -0.0043
  -3.0   -71.0    0.0105   -0.0049
  -3.0   -70.0    0.0110   -0.0050
  -3.0   -69.0    0.0111   -0.0051
  -3.0   -68.0    0.0111   -0.0047
  -3.0   -67.0    0.0113   -0.0047
  -3.0   -66.0    0.0111   -0.0052
  -3.0   -65.0    0.0112   -0.0052
  -3.0   -64.0    0.0114   -0.0052
  -3.0   -63.0    0.0114   -0.0052
  -3.0   -62.0    0.0118   -0.0050
  -3.0   -61.0    0.0116   -0.0050
  -3.0   -60.0    0.0110   -0.0055
  -3.0   -59.0    0.0115   -0.0054
  -3.0   -58.0    0.0120   -0.0054
  -3.0   -57.0    0.0119   -0.0050
  -3.0   -56.0    0.0119   -0.0050
  -3.0   -55.0    0.0122   -0.0051
  -3.0   -54.0    0.0122   -0.0051
  -3.0   -53.0    0.0123   -0.0051
  -3.0   -52.0    0.0123   -0.0051
  -3.0   -51.0    0.0122   -0.0052
  -3.0   -50.0    0.0123   -0.0057
  -3.0   -49.0    0.0123   -0.0058
  -3.0   -48.0    0.0123   -0.0058
  -3.0   -47.0    0.0124   -0.0058
  -3.0   -46.0    0.0124   -0.0058
  -3.0   -45.0    0.0129   -0.0058
  -3.0   -44.0    0.0129   -0.0056
  -3.0   -43.0    0.0129   -0.0055
  -3.0   -42.0    0.0131   -0.0052
  -3.0   -41.0    0.0133   -0.0045
  -3.0   -40.0    0.0135   -0.0045
  -3.0   -39.0    0.0138   -0.0046
  -4.0   -75.0    0.0098   -0.0016
  -4.0   -38.0    0.0140   -0.0045
  -4.0   -39.0    0.0138   -0.0046
  -4.0   -40.0    0.0135   -0.0046
  -4.0   -41.0    0.0131   -0.0050
  -4.0   -42.0    0.0128   -0.0055
  -4.0   -43.0    0.0126   -0.0056
  -4.0   -44.0    0.0127   -0.0058
  -4.0   -45.0    0.0127   -0.0058
  -4.0   -46.0    0.0125   -0.0057
  -4.0   -47.0    0.0125   -0.0057
  -4.0   -48.0    0.0124   -0.0058
  -4.0   -49.0    0.0123   -0.0057
  -4.0   -50.0    0.0123   -0.0055
  -4.0   -51.0    0.0123   -0.0052
  -4.0   -52.0    0.0123   -0.0051
  -4.0   -53.0    0.0123   -0.0051
  -4.0   -54.0    0.0121   -0.0052
  -4.0   -55.0    0.0121   -0.0051
  -4.0   -56.0    0.0119   -0.0050
  -4.0   -57.0    0.0119   -0.0053
  -4.0   -58.0    0.0119   -0.0053
  -4.0   -59.0    0.0113   -0.0053
  -4.0   -60.0    0.0114   -0.0051
  -4.0   -61.0    0.0113   -0.0051
  -4.0   -62.0    0.0117   -0.0050
  -4.0   -63.0    0.0113   -0.0052
  -4.0   -64.0    0.0113   -0.0051
  -4.0   -65.0    0.0111   -0.0050
  -4.0   -66.0    0.0110   -0.0050
  -4.0   -67.0    0.0112   -0.0046
  -4.0   -68.0    0.0111   -0.0046
  -4.0   -69.0    0.0109   -0.0047
  -4.0   -70.0    0.0106   -0.0048
  -4.0   -75.0    0.0098   -0.0015
  -4.0   -72.0    0.0105   -0.0043
  -4.0   -73.0    0.0101   -0.0021
  -4.0   -71.0    0.0105   -0.0047
  -4.0   -74.0    0.0100   -0.0021
  -5.0   -43.0    0.0121   -0.0058
  -5.0   -42.0    0.0125   -0.0055
  -5.0   -41.0    0.0129   -0.0050
  -5.0   -40.0    0.0132   -0.0047
  -5.0   -39.0    0.0136   -0.0046
  -5.0   -38.0    0.0148   -0.0047
  -5.0   -37.0    0.0153   -0.0045
  -5.0   -36.0    0.0133   -0.0044
  -5.0   -35.0    0.0133   -0.0043
  -5.0   -75.0    0.0098   -0.0015
  -5.0   -75.0    0.0098   -0.0014
  -5.0   -74.0    0.0093   -0.0014
  -5.0   -74.0    0.0092   -0.0014
  -5.0   -73.0    0.0094   -0.0014
  -5.0   -72.0    0.0101   -0.0042
  -5.0   -48.0    0.0125   -0.0058
  -5.0   -47.0    0.0125   -0.0059
  -5.0   -46.0    0.0126   -0.0063
  -5.0   -45.0    0.0125   -0.0059
  -5.0   -44.0    0.0123   -0.0056
  -5.0   -50.0    0.0124   -0.0055
  -5.0   -51.0    0.0123   -0.0053
  -5.0   -52.0    0.0123   -0.0053
  -5.0   -53.0    0.0124   -0.0051
  -5.0   -54.0    0.0122   -0.0052
  -5.0   -55.0    0.0122   -0.0050
  -5.0   -56.0    0.0120   -0.0053
  -5.0   -57.0    0.0120   -0.0053
  -5.0   -49.0    0.0123   -0.0056
  -5.0   -58.0    0.0120   -0.0053
  -5.0   -59.0    0.0116   -0.0050
  -5.0   -60.0    0.0116   -0.0049
  -5.0   -61.0    0.0115   -0.0049
  -5.0   -62.0    0.0115   -0.0048
  -5.0   -63.0    0.0113   -0.0049
  -5.0   -64.0    0.0112   -0.0049
  -5.0   -65.0    0.0111   -0.0049
  -5.0   -66.0    0.0108   -0.0048
  -5.0   -67.0    0.0110   -0.0044
  -5.0   -68.0    0.0109   -0.0044
  -5.0   -69.0    0.0108   -0.0046
  -5.0   -70.0    0.0106   -0.0047
  -5.0   -71.0    0.0105   -0.0046
  -6.0   -49.0    0.0123   -0.0055
  -6.0   -48.0    0.0124   -0.0058
  -6.0   -47.0    0.0125   -0.0060
  -6.0   -46.0    0.0125   -0.0058
  -6.0   -45.0    0.0125   -0.0060
  -6.0   -44.0    0.0122   -0.0056
  -6.0   -43.0    0.0122   -0.0056
  -6.0   -42.0    0.0125   -0.0055
  -6.0   -41.0    0.0128   -0.0051
  -6.0   -40.0    0.0131   -0.0048
  -6.0   -39.0    0.0134   -0.0046
  -6.0   -38.0    0.0141   -0.0044
  -6.0   -37.0    0.0142   -0.0044
  -6.0   -36.0    0.0133   -0.0043
  -6.0   -35.0    0.0131   -0.0043
  -6.0   -50.0    0.0123   -0.0055
  -6.0   -51.0    0.0123   -0.0053
  -6.0   -52.0    0.0123   -0.0053
  -6.0   -53.0    0.0124   -0.0050
  -6.0   -54.0    0.0122   -0.0051
  -6.0   -73.0    0.0100   -0.0039
  -6.0   -74.0    0.0092   -0.0013
  -6.0   -74.0    0.0093   -0.0013
  -6.0   -71.0    0.0102   -0.0046
  -6.0   -75.0    0.0091   -0.0013
  -6.0   -70.0    0.0103   -0.0042
  -6.0   -69.0    0.0104   -0.0043
  -6.0   -75.0    0.0092   -0.0013
  -6.0   -68.0    0.0107   -0.0041
  -6.0   -67.0    0.0110   -0.0043
  -6.0   -66.0    0.0110   -0.0048
  -6.0   -65.0    0.0111   -0.0048
  -6.0   -64.0    0.0112   -0.0047
  -6.0   -63.0    0.0110   -0.0048
  -6.0   -62.0    0.0115   -0.0047
  -6.0   -61.0    0.0115   -0.0048
  -6.0   -60.0    0.0117   -0.0050
  -6.0   -72.0    0.0102   -0.0045
  -6.0   -59.0    0.0117   -0.0050
  -6.0   -58.0    0.0121   -0.0050
  -6.0   -57.0    0.0122   -0.0055
  -6.0   -56.0    0.0122   -0.0055
  -6.0   -55.0    0.0124   -0.0055
  -7.0   -54.0    0.0125   -0.0054
  -7.0   -53.0    0.0124   -0.0053
  -7.0   -52.0    0.0124   -0.0055
  -7.0   -51.0    0.0123   -0.0056
  -7.0   -50.0    0.0123   -0.0056
  -7.0   -49.0    0.0125   -0.0056
  -7.0   -48.0    0.0125   -0.0057
  -7.0   -47.0    0.0125   -0.0060
  -7.0   -46.0    0.0125   -0.0061
  -7.0   -45.0    0.0124   -0.0057
  -7.0   -44.0    0.0125   -0.0057
  -7.0   -43.0    0.0123   -0.0055
  -7.0   -42.0    0.0125   -0.0053
  -7.0   -41.0    0.0126   -0.0048
  -7.0   -40.0    0.0127   -0.0048
  -7.0   -39.0    0.0128   -0.0043
  -7.0   -38.0    0.0132   -0.0044
  -7.0   -37.0    0.0132   -0.0044
  -7.0   -36.0    0.0125   -0.0043
  -7.0   -35.0    0.0133   -0.0044
  -7.0   -55.0    0.0124   -0.0054
  -7.0   -56.0    0.0122   -0.0054
  -7.0   -57.0    0.0122   -0.0053
  -7.0   -58.0    0.0120   -0.0051
  -7.0   -59.0    0.0118   -0.0051
  -7.0   -66.0    0.0107   -0.0042
  -7.0   -67.0    0.0107   -0.0042
  -7.0   -68.0    0.0103   -0.0041
  -7.0   -69.0    0.0102   -0.0041
  -7.0   -70.0    0.0101   -0.0041
  -7.0   -71.0    0.0099   -0.0043
  -7.0   -72.0    0.0099   -0.0041
  -7.0   -73.0    0.0098   -0.0041
  -7.0   -74.0    0.0099   -0.0043
  -7.0   -74.0    0.0099   -0.0042
  -7.0   -75.0    0.0091   -0.0012
  -7.0   -75.0    0.0092   -0.0012
  -7.0   -64.0    0.0110   -0.0046
  -7.0   -63.0    0.0110   -0.0047
  -7.0   -62.0    0.0114   -0.0047
  -7.0   -61.0    0.0115   -0.0047
  -7.0   -60.0    0.0116   -0.0047
  -7.0   -65.0    0.0109   -0.0046
  -8.0   -61.0    0.0115   -0.0047
  -8.0   -62.0    0.0111   -0.0045
  -8.0   -58.0    0.0120   -0.0050
  -8.0   -57.0    0.0120   -0.0052
  -8.0   -56.0    0.0123   -0.0052
  -8.0   -55.0    0.0126   -0.0052
  -8.0   -54.0    0.0125   -0.0052
  -8.0   -53.0    0.0124   -0.0053
  -8.0   -52.0    0.0124   -0.0056
  -8.0   -51.0    0.0124   -0.0056
  -8.0   -50.0    0.0124   -0.0056
  -8.0   -49.0    0.0125   -0.0055
  -8.0   -48.0    0.0125   -0.0056
  -8.0   -47.0    0.0125   -0.0058
  -8.0   -46.0    0.0125   -0.0059
  -8.0   -45.0    0.0124   -0.0057
  -8.0   -44.0    0.0123   -0.0055
  -8.0   -43.0    0.0124   -0.0051
  -8.0   -42.0    0.0126   -0.0050
  -8.0   -41.0    0.0127   -0.0047
  -8.0   -40.0    0.0127   -0.0047
  -8.0   -39.0    0.0127   -0.0043
  -8.0   -38.0    0.0129   -0.0044
  -8.0   -37.0    0.0128   -0.0045
  -8.0   -36.0    0.0126   -0.0044
  -8.0   -35.0    0.0126   -0.0044
  -8.0   -63.0    0.0110   -0.0045
  -8.0   -64.0    0.0110   -0.0045
  -8.0   -65.0    0.0110   -0.0041
  -8.0   -66.0    0.0108   -0.0041
  -8.0   -67.0    0.0107   -0.0041
  -8.0   -68.0    0.0105   -0.0042
  -8.0   -69.0    0.0102   -0.0040
  -8.0   -70.0    0.0101   -0.0040
  -8.0   -71.0    0.0099   -0.0041
  -8.0   -72.0    0.0099   -0.0040
  -8.0   -73.0    0.0098   -0.0040
  -8.0   -73.0    0.0097   -0.0040
  -8.0   -74.0    0.0096   -0.0037
  -8.0   -74.0    0.0097   -0.0038
  -8.0   -75.0    0.0098   -0.0042
  -8.0   -75.0    0.0098   -0.0041
  -8.0   -60.0    0.0118   -0.0049
  -8.0   -59.0    0.0121   -0.0050
  -9.0   -64.0    0.0115   -0.0043
  -9.0   -63.0    0.0109   -0.0043
  -9.0   -62.0    0.0111   -0.0046
  -9.0   -61.0    0.0115   -0.0049
  -9.0   -60.0    0.0116   -0.0048
  -9.0   -59.0    0.0117   -0.0049
  -9.0   -58.0    0.0120   -0.0050
  -9.0   -57.0    0.0122   -0.0050
  -9.0   -56.0    0.0124   -0.0050
  -9.0   -55.0    0.0126   -0.0050
  -9.0   -54.0    0.0125   -0.0051
  -9.0   -53.0    0.0124   -0.0053
  -9.0   -52.0    0.0125   -0.0056
  -9.0   -51.0    0.0124   -0.0056
  -9.0   -50.0    0.0124   -0.0057
  -9.0   -49.0    0.0125   -0.0055
  -9.0   -48.0    0.0124   -0.0052
  -9.0   -47.0    0.0124   -0.0054
  -9.0   -46.0    0.0125   -0.0057
  -9.0   -45.0    0.0124   -0.0054
  -9.0   -66.0    0.0107   -0.0039
  -9.0   -43.0    0.0122   -0.0048
  -9.0   -42.0    0.0126   -0.0048
  -9.0   -41.0    0.0128   -0.0047
  -9.0   -40.0    0.0129   -0.0046
  -9.0   -39.0    0.0127   -0.0044
  -9.0   -38.0    0.0128   -0.0044
  -9.0   -37.0    0.0128   -0.0044
  -9.0   -36.0    0.0127   -0.0044
  -9.0   -35.0    0.0128   -0.0045
  -9.0   -67.0    0.0107   -0.0040
  -9.0   -68.0    0.0105   -0.0041
  -9.0   -69.0    0.0102   -0.0039
  -9.0   -70.0    0.0101   -0.0039
  -9.0   -71.0    0.0098   -0.0038
  -9.0   -72.0    0.0099   -0.0038
  -9.0   -73.0    0.0098   -0.0038
  -9.0   -73.0    0.0097   -0.0038
  -9.0   -74.0    0.0096   -0.0036
  -9.0   -74.0    0.0097   -0.0037
  -9.0   -75.0    0.0098   -0.0041
  -9.0   -44.0    0.0122   -0.0050
  -9.0   -75.0    0.0098   -0.0040
  -9.0   -65.0    0.0110   -0.0041
 -10.0   -68.0    0.0105   -0.0040
 -10.0   -67.0    0.0107   -0.0039
 -10.0   -66.0    0.0105   -0.0039
 -10.0   -65.0    0.0107   -0.0040
 -10.0   -64.0    0.0108   -0.0041
 -10.0   -63.0    0.0108   -0.0042
 -10.0   -62.0    0.0119   -0.0048
 -10.0   -61.0    0.0117   -0.0048
 -10.0   -60.0    0.0118   -0.0048
 -10.0   -59.0    0.0120   -0.0046
 -10.0   -58.0    0.0123   -0.0047
 -10.0   -57.0    0.0124   -0.0049
 -10.0   -56.0    0.0124   -0.0049
 -10.0   -55.0    0.0125   -0.0047
 -10.0   -54.0    0.0127   -0.0048
 -10.0   -53.0    0.0127   -0.0048
 -10.0   -52.0    0.0123   -0.0056
 -10.0   -51.0    0.0125   -0.0057
 -10.0   -50.0    0.0124   -0.0056
 -10.0   -49.0    0.0124   -0.0056
 -10.0   -48.0    0.0125   -0.0056
 -10.0   -47.0    0.0126   -0.0054
 -10.0   -46.0    0.0126   -0.0055
 -10.0   -45.0    0.0124   -0.0052
 -10.0   -44.0    0.0122   -0.0045
 -10.0   -43.0    0.0123   -0.0044
 -10.0   -42.0    0.0126   -0.0046
 -10.0   -41.0    0.0127   -0.0047
 -10.0   -40.0    0.0128   -0.0047
 -10.0   -39.0    0.0127   -0.0044
 -10.0   -38.0    0.0127   -0.0045
 -10.0   -37.0    0.0127   -0.0044
 -10.0   -36.0    0.0127   -0.0044
 -10.0   -69.0    0.0102   -0.0038
 -10.0   -75.0    0.0094   -0.0034
 -10.0   -74.0    0.0097   -0.0036
 -10.0   -73.0    0.0098   -0.0037
 -10.0   -72.0    0.0098   -0.0036
 -10.0   -70.0    0.0100   -0.0037
 -10.0   -71.0    0.0098   -0.0037
 -11.0   -73.0    0.0096   -0.0035
 -11.0   -72.0    0.0097   -0.0035
 -11.0   -71.0    0.0097   -0.0036
 -11.0   -70.0    0.0100   -0.0036
 -11.0   -69.0    0.0101   -0.0037
 -11.0   -68.0    0.0105   -0.0038
 -11.0   -67.0    0.0106   -0.0037
 -11.0   -66.0    0.0104   -0.0039
 -11.0   -65.0    0.0107   -0.0040
 -11.0   -64.0    0.0108   -0.0040
 -11.0   -63.0    0.0108   -0.0041
 -11.0   -62.0    0.0124   -0.0047
 -11.0   -61.0    0.0120   -0.0046
 -11.0   -60.0    0.0119   -0.0046
 -11.0   -59.0    0.0119   -0.0046
 -11.0   -58.0    0.0122   -0.0048
 -11.0   -57.0    0.0123   -0.0048
 -11.0   -56.0    0.0125   -0.0048
 -11.0   -55.0    0.0125   -0.0048
 -11.0   -54.0    0.0124   -0.0048
 -11.0   -53.0    0.0124   -0.0049
 -11.0   -52.0    0.0126   -0.0053
 -11.0   -51.0    0.0125   -0.0056
 -11.0   -50.0    0.0124   -0.0056
 -11.0   -49.0    0.0124   -0.0055
 -11.0   -48.0    0.0124   -0.0055
 -11.0   -47.0    0.0125   -0.0052
 -11.0   -46.0    0.0125   -0.0052
 -11.0   -45.0    0.0123   -0.0048
 -11.0   -44.0    0.0123   -0.0049
 -11.0   -43.0    0.0123   -0.0045
 -11.0   -42.0    0.0123   -0.0044
 -11.0   -41.0    0.0124   -0.0047
 -11.0   -40.0    0.0126   -0.0045
 -11.0   -39.0    0.0125   -0.0044
 -11.0   -38.0    0.0125   -0.0044
 -11.0   -37.0    0.0125   -0.0044
 -11.0   -74.0    0.0095   -0.0035
 -12.0   -37.0    0.0123   -0.0046
 -12.0   -38.0    0.0124   -0.0048
 -12.0   -75.0    0.0092   -0.0032
 -12.0   -39.0    0.0120   -0.0044
 -12.0   -74.0    0.0095   -0.0034
 -12.0   -40.0    0.0122   -0.0043
 -12.0   -41.0    0.0123   -0.0045
 -12.0   -72.0    0.0097   -0.0034
 -12.0   -71.0    0.0097   -0.0034
 -12.0   -70.0    0.0098   -0.0033
 -12.0   -69.0    0.0101   -0.0035
 -12.0   -68.0    0.0103   -0.0035
 -12.0   -67.0    0.0105   -0.0035
 -12.0   -66.0    0.0109   -0.0034
 -12.0   -65.0    0.0110   -0.0033
 -12.0   -64.0    0.0111   -0.0034
 -12.0   -63.0    0.0112   -0.0033
 -12.0   -62.0    0.0118   -0.0040
 -12.0   -61.0    0.0119   -0.0039
 -12.0   -60.0    0.0119   -0.0039
 -12.0   -59.0    0.0118   -0.0046
 -12.0   -58.0    0.0122   -0.0047
 -12.0   -57.0    0.0124   -0.0048
 -12.0   -56.0    0.0126   -0.0048
 -12.0   -55.0    0.0126   -0.0049
 -12.0   -54.0    0.0124   -0.0048
 -12.0   -53.0    0.0125   -0.0052
 -12.0   -52.0    0.0125   -0.0052
 -12.0   -51.0    0.0124   -0.0053
 -12.0   -50.0    0.0124   -0.0055
 -12.0   -49.0    0.0124   -0.0055
 -12.0   -48.0    0.0124   -0.0052
 -12.0   -47.0    0.0124   -0.0051
 -12.0   -46.0    0.0125   -0.0052
 -12.0   -45.0    0.0124   -0.0049
 -12.0   -44.0    0.0124   -0.0049
 -12.0   -43.0    0.0124   -0.0047
 -12.0   -42.0    0.0123   -0.0045
 -12.0   -73.0    0.0096   -0.0034
 -13.0   -38.0    0.0124   -0.0049
 -13.0   -39.0    0.0113   -0.0041
 -13.0   -40.0    0.0119   -0.0040
 -13.0   -41.0    0.0121   -0.0041
 -13.0   -42.0    0.0122   -0.0041
 -13.0   -43.0    0.0123   -0.0048
 -13.0   -44.0    0.0123   -0.0049
 -13.0   -45.0    0.0123   -0.0048
 -13.0   -46.0    0.0124   -0.0050
 -13.0   -72.0    0.0097   -0.0033
 -13.0   -71.0    0.0097   -0.0033
 -13.0   -70.0    0.0098   -0.0032
 -13.0   -69.0    0.0103   -0.0033
 -13.0   -68.0    0.0103   -0.0033
 -13.0   -67.0    0.0109   -0.0032
 -13.0   -66.0    0.0109   -0.0032
 -13.0   -65.0    0.0110   -0.0032
 -13.0   -64.0    0.0111   -0.0033
 -13.0   -63.0    0.0111   -0.0032
 -13.0   -62.0    0.0117   -0.0038
 -13.0   -61.0    0.0115   -0.0038
 -13.0   -60.0    0.0116   -0.0039
 -13.0   -59.0    0.0119   -0.0040
 -13.0   -58.0    0.0121   -0.0047
 -13.0   -57.0    0.0124   -0.0047
 -13.0   -56.0    0.0126   -0.0047
 -13.0   -55.0    0.0126   -0.0048
 -13.0   -54.0    0.0122   -0.0051
 -13.0   -53.0    0.0125   -0.0051
 -13.0   -52.0    0.0125   -0.0052
 -13.0   -51.0    0.0124   -0.0049
 -13.0   -50.0    0.0123   -0.0052
 -13.0   -49.0    0.0124   -0.0050
 -13.0   -48.0    0.0123   -0.0049
 -13.0   -47.0    0.0123   -0.0049
 -14.0   -44.0    0.0123   -0.0046
 -14.0   -52.0    0.0124   -0.0049
 -14.0   -51.0    0.0124   -0.0049
 -14.0   -50.0    0.0124   -0.0047
 -14.0   -49.0    0.0124   -0.0048
 -14.0   -45.0    0.0122   -0.0048
 -14.0   -46.0    0.0123   -0.0048
 -14.0   -47.0    0.0123   -0.0049
 -14.0   -48.0    0.0124   -0.0046
 -14.0   -53.0    0.0125   -0.0048
 -14.0   -54.0    0.0124   -0.0049
 -14.0   -55.0    0.0125   -0.0046
 -14.0   -42.0    0.0124   -0.0041
 -14.0   -41.0    0.0121   -0.0041
 -14.0   -40.0    0.0120   -0.0041
 -14.0   -39.0    0.0118   -0.0042
 -14.0   -43.0    0.0123   -0.0047
 -14.0   -69.0    0.0097   -0.0030
 -14.0   -68.0    0.0106   -0.0030
 -14.0   -67.0    0.0110   -0.0030
 -14.0   -66.0    0.0109   -0.0031
 -14.0   -65.0    0.0110   -0.0032
 -14.0   -64.0    0.0111   -0.0031
 -14.0   -63.0    0.0111   -0.0032
 -14.0   -62.0    0.0118   -0.0037
 -14.0   -61.0    0.0114   -0.0038
 -14.0   -60.0    0.0113   -0.0038
 -14.0   -59.0    0.0117   -0.0043
 -14.0   -58.0    0.0122   -0.0040
 -14.0   -57.0    0.0124   -0.0046
 -14.0   -56.0    0.0126   -0.0045
 -15.0   -51.0    0.0124   -0.0047
 -15.0   -40.0    0.0123   -0.0042
 -15.0   -41.0    0.0123   -0.0040
 -15.0   -42.0    0.0123   -0.0043
 -15.0   -43.0    0.0122   -0.0046
 -15.0   -44.0    0.0122   -0.0045
 -15.0   -45.0    0.0122   -0.0046
 -15.0   -46.0    0.0123   -0.0045
 -15.0   -47.0    0.0123   -0.0046
 -15.0   -48.0    0.0123   -0.0047
 -15.0   -49.0    0.0123   -0.0047
 -15.0   -50.0    0.0123   -0.0046
 -15.0   -52.0    0.0124   -0.0048
 -15.0   -53.0    0.0123   -0.0047
 -15.0   -54.0    0.0123   -0.0049
 -15.0   -55.0    0.0126   -0.0046
 -15.0   -56.0    0.0130   -0.0046
 -15.0   -57.0    0.0127   -0.0039
 -15.0   -58.0    0.0123   -0.0040
 -15.0   -59.0    0.0115   -0.0043
 -15.0   -60.0    0.0103   -0.0043
 -15.0   -61.0    0.0114   -0.0039
 -15.0   -62.0    0.0118   -0.0036
 -15.0   -63.0    0.0114   -0.0031
 -15.0   -64.0    0.0111   -0.0030
 -15.0   -65.0    0.0110   -0.0030
 -15.0   -67.0    0.0110   -0.0027
 -15.0   -66.0    0.0109   -0.0030
 -15.0   -39.0    0.0122   -0.0041
 -16.0   -44.0    0.0121   -0.0044
 -16.0   -43.0    0.0122   -0.0045
 -16.0   -42.0    0.0122   -0.0044
 -16.0   -41.0    0.0123   -0.0043
 -16.0   -40.0    0.0122   -0.0042
 -16.0   -39.0    0.0120   -0.0043
 -16.0   -64.0    0.0114   -0.0029
 -16.0   -63.0    0.0120   -0.0030
 -16.0   -62.0    0.0119   -0.0033
 -16.0   -61.0    0.0117   -0.0037
 -16.0   -60.0    0.0116   -0.0041
 -16.0   -59.0    0.0119   -0.0039
 -16.0   -58.0    0.0123   -0.0039
 -16.0   -50.0    0.0123   -0.0046
 -16.0   -57.0    0.0127   -0.0038
 -16.0   -56.0    0.0130   -0.0045
 -16.0   -55.0    0.0127   -0.0046
 -16.0   -54.0    0.0121   -0.0046
 -16.0   -53.0    0.0122   -0.0045
 -16.0   -52.0    0.0121   -0.0046
 -16.0   -51.0    0.0123   -0.0046
 -16.0   -45.0    0.0121   -0.0045
 -16.0   -49.0    0.0123   -0.0046
 -16.0   -48.0    0.0123   -0.0046
 -16.0   -47.0    0.0122   -0.0045
 -16.0   -65.0    0.0113   -0.0029
 -16.0   -66.0    0.0111   -0.0029
 -16.0   -67.0    0.0108   -0.0019
 -16.0   -46.0    0.0122   -0.0046
 -17.0   -43.0    0.0122   -0.0044
 -17.0   -44.0    0.0121   -0.0043
 -17.0   -45.0    0.0120   -0.0044
 -17.0   -46.0    0.0120   -0.0044
 -17.0   -47.0    0.0120   -0.0045
 -17.0   -41.0    0.0122   -0.0042
 -17.0   -40.0    0.0121   -0.0042
 -17.0   -39.0    0.0120   -0.0043
 -17.0   -48.0    0.0120   -0.0046
 -17.0   -49.0    0.0117   -0.0043
 -17.0   -50.0    0.0118   -0.0042
 -17.0   -51.0    0.0119   -0.0044
 -17.0   -52.0    0.0119   -0.0043
 -17.0   -53.0    0.0122   -0.0045
 -17.0   -54.0    0.0122   -0.0045
 -17.0   -66.0    0.0112   -0.0026
 -17.0   -65.0    0.0116   -0.0024
 -17.0   -64.0    0.0116   -0.0026
 -17.0   -63.0    0.0123   -0.0023
 -17.0   -62.0    0.0124   -0.0030
 -17.0   -61.0    0.0121   -0.0033
 -17.0   -60.0    0.0122   -0.0037
 -17.0   -59.0    0.0122   -0.0037
 -17.0   -58.0    0.0124   -0.0037
 -17.0   -57.0    0.0121   -0.0039
 -17.0   -56.0    0.0118   -0.0044
 -17.0   -42.0    0.0122   -0.0043
 -17.0   -55.0    0.0119   -0.0042
 -18.0   -64.0    0.0126   -0.0018
 -18.0   -63.0    0.0131   -0.0012
 -18.0   -62.0    0.0126   -0.0025
 -18.0   -61.0    0.0125   -0.0030
 -18.0   -60.0    0.0125   -0.0032
 -18.0   -59.0    0.0125   -0.0035
 -18.0   -58.0    0.0121   -0.0037
 -18.0   -57.0    0.0120   -0.0037
 -18.0   -56.0    0.0118   -0.0042
 -18.0   -55.0    0.0120   -0.0042
 -18.0   -54.0    0.0121   -0.0043
 -18.0   -53.0    0.0119   -0.0043
 -18.0   -52.0    0.0116   -0.0041
 -18.0   -51.0    0.0118   -0.0041
 -18.0   -50.0    0.0120   -0.0043
 -18.0   -49.0    0.0120   -0.0043
 -18.0   -48.0    0.0120   -0.0042
 -18.0   -47.0    0.0120   -0.0043
 -18.0   -46.0    0.0120   -0.0043
 -18.0   -45.0    0.0119   -0.0043
 -18.0   -44.0    0.0120   -0.0044
 -18.0   -43.0    0.0121   -0.0045
 -18.0   -41.0    0.0120   -0.0042
 -18.0   -40.0    0.0121   -0.0043
 -18.0   -42.0    0.0122   -0.0043
 -18.0   -39.0    0.0120   -0.0042
 -19.0   -54.0    0.0122   -0.0044
 -19.0   -53.0    0.0120   -0.0042
 -19.0   -52.0    0.0119   -0.0041
 -19.0   -51.0    0.0120   -0.0042
 -19.0   -50.0    0.0119   -0.0042
 -19.0   -49.0    0.0120   -0.0041
 -19.0   -48.0    0.0120   -0.0042
 -19.0   -47.0    0.0119   -0.0043
 -19.0   -46.0    0.0120   -0.0043
 -19.0   -45.0    0.0118   -0.0043
 -19.0   -44.0    0.0119   -0.0044
 -19.0   -43.0    0.0120   -0.0045
 -19.0   -42.0    0.0121   -0.0045
 -19.0   -41.0    0.0120   -0.0042
 -19.0   -40.0    0.0120   -0.0043
 -19.0   -56.0    0.0121   -0.0041
 -19.0   -57.0    0.0120   -0.0036
 -19.0   -58.0    0.0120   -0.0033
 -19.0   -59.0    0.0121   -0.0031
 -19.0   -60.0    0.0126   -0.0030
 -19.0   -61.0    0.0126   -0.0028
 -19.0   -62.0    0.0126   -0.0019
 -19.0   -63.0    0.0127   -0.0011
 -19.0   -39.0    0.0120   -0.0042
 -19.0   -55.0    0.0121   -0.0041
 -20.0   -61.0    0.0127   -0.0020
 -20.0   -60.0    0.0128   -0.0027
 -20.0   -59.0    0.0122   -0.0029
 -20.0   -58.0    0.0123   -0.0034
 -20.0   -57.0    0.0122   -0.0034
 -20.0   -56.0    0.0119   -0.0038
 -20.0   -55.0    0.0121   -0.0038
 -20.0   -54.0    0.0124   -0.0039
 -20.0   -53.0    0.0121   -0.0041
 -20.0   -52.0    0.0119   -0.0041
 -20.0   -51.0    0.0119   -0.0042
 -20.0   -50.0    0.0119   -0.0041
 -20.0   -49.0    0.0120   -0.0041
 -20.0   -48.0    0.0120   -0.0041
 -20.0   -47.0    0.0119   -0.0042
 -20.0   -46.0    0.0120   -0.0043
 -20.0   -45.0    0.0118   -0.0043
 -20.0   -44.0    0.0127   -0.0044
 -20.0   -43.0    0.0120   -0.0044
 -20.0   -42.0    0.0119   -0.0043
 -20.0   -62.0    0.0123   -0.0015
 -20.0   -41.0    0.0120   -0.0042
 -20.0   -40.0    0.0121   -0.0043
 -20.0   -63.0    0.0122   -0.0014
 -21.0   -59.0    0.0124   -0.0029
 -21.0   -62.0    0.0120   -0.0011
 -21.0   -61.0    0.0125   -0.0019
 -21.0   -60.0    0.0123   -0.0022
 -21.0   -58.0    0.0123   -0.0033
 -21.0   -57.0    0.0120   -0.0034
 -21.0   -56.0    0.0119   -0.0036
 -21.0   -55.0    0.0120   -0.0036
 -21.0   -54.0    0.0120   -0.0038
 -21.0   -53.0    0.0117   -0.0038
 -21.0   -52.0    0.0118   -0.0040
 -21.0   -51.0    0.0118   -0.0040
 -21.0   -50.0    0.0119   -0.0040
 -21.0   -49.0    0.0120   -0.0041
 -21.0   -48.0    0.0120   -0.0042
 -21.0   -47.0    0.0119   -0.0041
 -21.0   -46.0    0.0119   -0.0042
 -21.0   -45.0    0.0118   -0.0043
 -21.0   -44.0    0.0120   -0.0044
 -21.0   -43.0    0.0117   -0.0041
 -21.0   -42.0    0.0119   -0.0043
 -21.0   -41.0    0.0120   -0.0042
 -21.0   -40.0    0.0120   -0.0043
 -21.0   -63.0    0.0119   -0.0010
 -22.0   -41.0    0.0120   -0.0042
 -22.0   -42.0    0.0120   -0.0043
 -22.0   -43.0    0.0120   -0.0042
 -22.0   -44.0    0.0122   -0.0041
 -22.0   -45.0    0.0120   -0.0043
 -22.0   -46.0    0.0121   -0.0042
 -22.0   -47.0    0.0121   -0.0042
 -22.0   -48.0    0.0121   -0.0040
 -22.0   -49.0    0.0120   -0.0040
 -22.0   -50.0    0.0119   -0.0040
 -22.0   -51.0    0.0119   -0.0040
 -22.0   -52.0    0.0117   -0.0038
 -22.0   -65.0    0.0113    0.0001
 -22.0   -54.0    0.0117   -0.0035
 -22.0   -55.0    0.0118   -0.0035
 -22.0   -56.0    0.0119   -0.0034
 -22.0   -57.0    0.0119   -0.0034
 -22.0   -58.0    0.0123   -0.0030
 -22.0   -59.0    0.0122   -0.0024
 -22.0   -60.0    0.0125   -0.0021
 -22.0   -61.0    0.0127   -0.0008
 -22.0   -62.0    0.0124   -0.0002
 -22.0   -63.0    0.0120   -0.0004
 -22.0   -64.0    0.0114    0.0000
 -22.0   -53.0    0.0114   -0.0036
 -23.0   -43.0    0.0115   -0.0042
 -23.0   -44.0    0.0122   -0.0041
 -23.0   -45.0    0.0121   -0.0041
 -23.0   -65.0    0.0113    0.0002
 -23.0   -64.0    0.0115   -0.0002
 -23.0   -63.0    0.0115   -0.0003
 -23.0   -62.0    0.0116   -0.0003
 -23.0   -61.0    0.0120   -0.0011
 -23.0   -60.0    0.0121   -0.0017
 -23.0   -59.0    0.0122   -0.0022
 -23.0   -58.0    0.0119   -0.0032
 -23.0   -57.0    0.0118   -0.0032
 -23.0   -56.0    0.0117   -0.0033
 -23.0   -55.0    0.0117   -0.0034
 -23.0   -54.0    0.0117   -0.0035
 -23.0   -53.0    0.0117   -0.0037
 -23.0   -52.0    0.0119   -0.0038
 -23.0   -51.0    0.0118   -0.0038
 -23.0   -50.0    0.0118   -0.0038
 -23.0   -46.0    0.0119   -0.0041
 -23.0   -49.0    0.0119   -0.0039
 -23.0   -48.0    0.0119   -0.0040
 -23.0   -47.0    0.0118   -0.0041
 -23.0   -42.0    0.0118   -0.0042
 -24.0   -58.0    0.0120   -0.0030
 -24.0   -57.0    0.0119   -0.0032
 -24.0   -56.0    0.0118   -0.0033
 -24.0   -55.0    0.0118   -0.0033
 -24.0   -54.0    0.0118   -0.0034
 -24.0   -53.0    0.0118   -0.0035
 -24.0   -52.0    0.0118   -0.0036
 -24.0   -51.0    0.0117   -0.0037
 -24.0   -66.0    0.0109    0.0002
 -24.0   -65.0    0.0115   -0.0000
 -24.0   -46.0    0.0118   -0.0040
 -24.0   -47.0    0.0119   -0.0041
 -24.0   -48.0    0.0118   -0.0039
 -24.0   -49.0    0.0118   -0.0039
 -24.0   -50.0    0.0117   -0.0037
 -24.0   -64.0    0.0115   -0.0001
 -24.0   -63.0    0.0115   -0.0002
 -24.0   -62.0    0.0116   -0.0007
 -24.0   -61.0    0.0114   -0.0009
 -24.0   -60.0    0.0119   -0.0017
 -24.0   -59.0    0.0120   -0.0022
 -25.0   -59.0    0.0119   -0.0019
 -25.0   -48.0    0.0110   -0.0038
 -25.0   -49.0    0.0118   -0.0037
 -25.0   -50.0    0.0118   -0.0037
 -25.0   -60.0    0.0116   -0.0015
 -25.0   -61.0    0.0113   -0.0012
 -25.0   -62.0    0.0113   -0.0010
 -25.0   -63.0    0.0111   -0.0007
 -25.0   -64.0    0.0112   -0.0006
 -25.0   -51.0    0.0118   -0.0037
 -25.0   -52.0    0.0118   -0.0036
 -25.0   -53.0    0.0123   -0.0035
 -25.0   -54.0    0.0122   -0.0033
 -25.0   -55.0    0.0118   -0.0032
 -25.0   -56.0    0.0117   -0.0031
 -25.0   -65.0    0.0110   -0.0004
 -25.0   -57.0    0.0119   -0.0030
 -25.0   -66.0    0.0108   -0.0001
 -25.0   -58.0    0.0121   -0.0025
 -25.0   -47.0    0.0118   -0.0039
 -26.0   -57.0    0.0119   -0.0029
 -26.0   -56.0    0.0116   -0.0030
 -26.0   -55.0    0.0118   -0.0031
 -26.0   -54.0    0.0118   -0.0032
 -26.0   -53.0    0.0118   -0.0034
 -26.0   -59.0    0.0117   -0.0020
 -26.0   -60.0    0.0116   -0.0020
 -26.0   -61.0    0.0114   -0.0015
 -26.0   -62.0    0.0116   -0.0013
 -26.0   -63.0    0.0115   -0.0010
 -26.0   -64.0    0.0115   -0.0007
 -26.0   -65.0    0.0110   -0.0003
 -26.0   -66.0    0.0109   -0.0002
 -26.0   -67.0    0.0108    0.0001
 -26.0   -52.0    0.0118   -0.0035
 -26.0   -48.0    0.0117   -0.0038
 -26.0   -51.0    0.0118   -0.0036
 -26.0   -50.0    0.0117   -0.0037
 -26.0   -58.0    0.0120   -0.0027
 -26.0   -49.0    0.0118   -0.0037
 -27.0   -52.0    0.0116   -0.0035
 -27.0   -53.0    0.0116   -0.0033
 -27.0   -54.0    0.0113   -0.0032
 -27.0   -60.0    0.0115   -0.0020
 -27.0   -61.0    0.0113   -0.0017
 -27.0   -50.0    0.0117   -0.0037
 -27.0   -49.0    0.0118   -0.0037
 -27.0   -48.0    0.0117   -0.0038
 -27.0   -62.0    0.0113   -0.0016
 -27.0   -63.0    0.0113   -0.0012
 -27.0   -64.0    0.0111   -0.0013
 -27.0   -65.0    0.0112   -0.0010
 -27.0   -66.0    0.0108   -0.0006
 -27.0   -59.0    0.0117   -0.0021
 -27.0   -67.0    0.0107   -0.0005
 -27.0   -58.0    0.0116   -0.0027
 -27.0   -57.0    0.0116   -0.0029
 -27.0   -56.0    0.0118   -0.0031
 -27.0   -55.0    0.0114   -0.0031
 -27.0   -51.0    0.0116   -0.0036
 -28.0   -60.0    0.0113   -0.0020
 -28.0   -59.0    0.0115   -0.0020
 -28.0   -58.0    0.0115   -0.0026
 -28.0   -57.0    0.0116   -0.0029
 -28.0   -61.0    0.0113   -0.0018
 -28.0   -62.0    0.0112   -0.0018
 -28.0   -63.0    0.0112   -0.0016
 -28.0   -64.0    0.0111   -0.0013
 -28.0   -65.0    0.0110   -0.0011
 -28.0   -56.0    0.0116   -0.0031
 -28.0   -55.0    0.0118   -0.0032
 -28.0   -54.0    0.0116   -0.0032
 -28.0   -53.0    0.0115   -0.0032
 -28.0   -52.0    0.0116   -0.0033
 -28.0   -51.0    0.0115   -0.0035
 -28.0   -50.0    0.0117   -0.0036
 -28.0   -49.0    0.0123   -0.0036
 -28.0   -67.0    0.0107   -0.0004
 -28.0   -48.0    0.0125   -0.0036
 -28.0   -66.0    0.0112   -0.0007
 -29.0   -63.0    0.0111   -0.0015
 -29.0   -62.0    0.0112   -0.0018
 -29.0   -61.0    0.0111   -0.0020
 -29.0   -60.0    0.0113   -0.0022
 -29.0   -59.0    0.0115   -0.0024
 -29.0   -58.0    0.0116   -0.0028
 -29.0   -57.0    0.0116   -0.0031
 -29.0   -56.0    0.0117   -0.0033
 -29.0   -55.0    0.0117   -0.0034
 -29.0   -54.0    0.0117   -0.0034
 -29.0   -64.0    0.0110   -0.0013
 -29.0   -66.0    0.0108   -0.0008
 -29.0   -53.0    0.0116   -0.0034
 -29.0   -52.0    0.0116   -0.0034
 -29.0   -51.0    0.0115   -0.0035
 -29.0   -65.0    0.0109   -0.0009
 -29.0   -50.0    0.0116   -0.0036
 -29.0   -49.0    0.0121   -0.0037
 -29.0   -67.0    0.0108   -0.0006
 -30.0   -65.0    0.0109   -0.0015
 -30.0   -67.0    0.0108   -0.0005
 -30.0   -66.0    0.0108   -0.0007
 -30.0   -64.0    0.0110   -0.0018
 -30.0   -63.0    0.0112   -0.0021
 -30.0   -62.0    0.0112   -0.0019
 -30.0   -61.0    0.0111   -0.0021
 -30.0   -60.0    0.0112   -0.0024
 -30.0   -59.0    0.0114   -0.0023
 -30.0   -58.0    0.0116   -0.0029
 -30.0   -57.0    0.0116   -0.0030
 -30.0   -50.0    0.0117   -0.0035
 -30.0   -51.0    0.0117   -0.0033
 -30.0   -52.0    0.0115   -0.0034
 -30.0   -53.0    0.0119   -0.0035
 -30.0   -54.0    0.0118   -0.0034
 -30.0   -55.0    0.0118   -0.0033
 -30.0   -56.0    0.0117   -0.0032
 -31.0   -50.0    0.0116   -0.0035
 -31.0   -52.0    0.0117   -0.0036
 -31.0   -53.0    0.0119   -0.0035
 -31.0   -62.0    0.0112   -0.0024
 -31.0   -54.0    0.0118   -0.0033
 -31.0   -67.0    0.0108   -0.0010
 -31.0   -66.0    0.0108   -0.0011
 -31.0   -65.0    0.0109   -0.0016
 -31.0   -55.0    0.0118   -0.0032
 -31.0   -64.0    0.0111   -0.0020
 -31.0   -63.0    0.0111   -0.0021
 -31.0   -56.0    0.0116   -0.0033
 -31.0   -57.0    0.0115   -0.0031
 -31.0   -51.0    0.0117   -0.0035
 -31.0   -58.0    0.0115   -0.0029
 -31.0   -61.0    0.0112   -0.0025
 -31.0   -60.0    0.0114   -0.0026
 -31.0   -59.0    0.0114   -0.0027
 -32.0   -53.0    0.0116   -0.0035
 -32.0   -54.0    0.0117   -0.0033
 -32.0   -65.0    0.0110   -0.0022
 -32.0   -59.0    0.0109   -0.0032
 -32.0   -57.0    0.0115   -0.0030
 -32.0   -56.0    0.0116   -0.0032
 -32.0   -52.0    0.0115   -0.0035
 -32.0   -51.0    0.0116   -0.0036
 -32.0   -55.0    0.0118   -0.0034
 -32.0   -60.0    0.0116   -0.0028
 -32.0   -61.0    0.0117   -0.0026
 -32.0   -62.0    0.0113   -0.0030
 -32.0   -63.0    0.0112   -0.0027
 -32.0   -64.0    0.0111   -0.0023
 -32.0   -67.0    0.0109   -0.0016
 -32.0   -66.0    0.0108   -0.0018
 -32.0   -58.0    0.0116   -0.0030
 -33.0   -56.0    0.0116   -0.0030
 -33.0   -55.0    0.0117   -0.0031
 -33.0   -54.0    0.0118   -0.0034
 -33.0   -53.0    0.0117   -0.0035
 -33.0   -52.0    0.0115   -0.0035
 -33.0   -67.0    0.0109   -0.0015
 -33.0   -66.0    0.0109   -0.0021
 -33.0   -65.0    0.0110   -0.0024
 -33.0   -64.0    0.0112   -0.0026
 -33.0   -63.0    0.0112   -0.0027
 -33.0   -61.0    0.0115   -0.0029
 -33.0   -57.0    0.0116   -0.0031
 -33.0   -58.0    0.0115   -0.0033
 -33.0   -59.0    0.0116   -0.0035
 -33.0   -60.0    0.0115   -0.0030
 -33.0   -62.0    0.0115   -0.0029
 -34.0   -65.0    0.0114   -0.0025
 -34.0   -64.0    0.0116   -0.0027
 -34.0   -63.0    0.0114   -0.0030
 -34.0   -62.0    0.0115   -0.0031
 -34.0   -61.0    0.0116   -0.0034
 -34.0   -60.0    0.0116   -0.0036
 -34.0   -59.0    0.0116   -0.0036
 -34.0   -58.0    0.0118   -0.0034
 -34.0   -57.0    0.0117   -0.0033
 -34.0   -56.0    0.0117   -0.0033
 -34.0   -55.0    0.0118   -0.0034
 -34.0   -54.0    0.0118   -0.0037
 -34.0   -53.0    0.0118   -0.0038
 -34.0   -67.0    0.0109   -0.0021
 -34.0   -66.0    0.0111   -0.0025
 -35.0   -58.0    0.0118   -0.0035
 -35.0   -59.0    0.0117   -0.0038
 -35.0   -60.0    0.0117   -0.0037
 -35.0   -61.0    0.0116   -0.0039
 -35.0   -62.0    0.0116   -0.0038
 -35.0   -57.0    0.0118   -0.0036
 -35.0   -56.0    0.0117   -0.0035
 -35.0   -55.0    0.0118   -0.0035
 -35.0   -64.0    0.0115   -0.0036
 -35.0   -65.0    0.0119   -0.0034
 -35.0   -66.0    0.0117   -0.0034
 -35.0   -63.0    0.0115   -0.0040
 -35.0   -54.0    0.0118   -0.0036
 -34.0   -68.0    0.0234   -0.0248
 -34.0   -69.0    0.0219   -0.0240
 -34.0   -70.0    0.0204   -0.0225
 -34.0   -71.0    0.0190   -0.0223
 -34.0   -72.0    0.0174   -0.0215
 -35.0   -67.0    0.0229   -0.0220
 -35.0   -68.0    0.0225   -0.0209
 -35.0   -69.0    0.0218   -0.0200
 -35.0   -70.0    0.0203   -0.0198
 -35.0   -71.0    0.0189   -0.0196
 -35.0   -72.0    0.0174   -0.0195
 -35.0   -73.0    0.0159   -0.0193
 -36.0   -67.0    0.0247   -0.0185
 -36.0   -68.0    0.0233   -0.0182
 -36.0   -69.0    0.0218   -0.0180
 -36.0   -70.0    0.0204   -0.0178
 -36.0   -71.0    0.0191   -0.0176
 -36.0   -72.0    0.0174   -0.0174
 -36.0   -73.0    0.0159   -0.0172
 -37.0   -67.0    0.0246   -0.0164
 -37.0   -68.0    0.0233   -0.0162
 -37.0   -69.0    0.0220   -0.0160
 -37.0   -70.0    0.0212   -0.0157
 -37.0   -71.0    0.0213   -0.0155
 -37.0   -72.0    0.0171   -0.0153
 -37.0   -73.0    0.0171   -0.0152
 -37.0   -74.0    0.0157   -0.0150
 -38.0   -67.0    0.0242   -0.0144
 -38.0   -68.0    0.0228   -0.0141
 -38.0   -69.0    0.0227   -0.0139
 -38.0   -70.0    0.0214   -0.0137
 -38.0   -71.0    0.0202   -0.0135
 -38.0   -72.0    0.0176   -0.0133
 -38.0   -73.0    0.0163   -0.0131
 -38.0   -74.0    0.0150   -0.0129
 -39.0   -67.0    0.0235   -0.0124
 -39.0   -68.0    0.0185   -0.0121
 -39.0   -69.0    0.0214   -0.0118
 -39.0   -70.0    0.0208   -0.0116
 -39.0   -71.0    0.0192   -0.0114
 -39.0   -72.0    0.0170   -0.0112
 -39.0   -73.0    0.0147   -0.0010
 -39.0   -74.0    0.0139   -0.0008
 -40.0   -67.0    0.0229   -0.0107
 -40.0   -68.0    0.0225   -0.0100
 -40.0   -69.0    0.0214   -0.0098
 -40.0   -70.0    0.0202   -0.0095
 -40.0   -71.0    0.0188   -0.0093
 -40.0   -72.0    0.0168   -0.0091
 -40.0   -73.0    0.0147    0.0089
 -40.0   -74.0    0.0144    0.0092
 -41.0   -68.0    0.0226   -0.0086
 -41.0   -69.0    0.0212   -0.0083
 -41.0   -70.0    0.0197   -0.0082
 -41.0   -71.0    0.0192   -0.0074
 -41.0   -72.0    0.0179   -0.0003
 -41.0   -73.0    0.0160    0.0075
 -41.0   -74.0    0.0141    0.0078
  -3.0   -81.0    0.0067    0.0013
  -3.0   -80.0    0.0069    0.0013
  -3.0   -78.0    0.0072    0.0009
  -3.0   -77.0    0.0099    0.0011
  -3.0   -76.0    0.0110    0.0011
  -3.0   -79.0    0.0081    0.0011
  -4.0   -81.0    0.0068    0.0020
  -4.0   -76.0    0.0111    0.0019
  -4.0   -77.0    0.0102    0.0019
  -4.0   -78.0    0.0090    0.0019
  -4.0   -79.0    0.0083    0.0020
  -4.0   -80.0    0.0067    0.0020
  -5.0   -79.0    0.0085    0.0028
  -5.0   -81.0    0.0075    0.0028
  -5.0   -78.0    0.0097    0.0028
  -5.0   -77.0    0.0110    0.0028
  -5.0   -76.0    0.0114    0.0027
  -5.0   -80.0    0.0080    0.0028
  -6.0   -81.0    0.0071    0.0037
  -6.0   -80.0    0.0081    0.0043
  -6.0   -79.0    0.0089    0.0047
  -6.0   -78.0    0.0110    0.0052
  -6.0   -77.0    0.0173    0.0131
  -6.0   -76.0    0.0131    0.0053
  -7.0   -78.0    0.0095    0.0049
  -7.0   -77.0    0.0127    0.0054
  -7.0   -76.0    0.0126    0.0054
  -7.0   -79.0    0.0079    0.0048
  -7.0   -80.0    0.0080    0.0056
  -8.0   -79.0    0.0083    0.0062
  -8.0   -78.0    0.0093    0.0060
  -8.0   -77.0    0.0105    0.0060
  -8.0   -76.0    0.0113    0.0057
  -8.0   -80.0    0.0080    0.0064
  -9.0   -78.0    0.0090    0.0057
  -9.0   -79.0    0.0082    0.0058
  -9.0   -77.0    0.0103    0.0057
  -9.0   -76.0    0.0113    0.0058
 -10.0   -74.0    0.0096   -0.0036
 -10.0   -73.0    0.0097   -0.0037
 -10.0   -78.0    0.0096    0.0064
 -10.0   -77.0    0.0107    0.0067
 -10.0   -76.0    0.0119    0.0076
 -10.0   -75.0    0.0094   -0.0000
 -10.0   -79.0    0.0089    0.0067
 -11.0   -78.0    0.0105    0.0087
 -11.0   -77.0    0.0115    0.0090
 -11.0   -76.0    0.0120    0.0088
 -11.0   -75.0    0.0091    0.0000
 -11.0   -74.0    0.0095   -0.0035
 -11.0   -73.0    0.0096   -0.0036
 -12.0   -78.0    0.0109    0.0102
 -12.0   -77.0    0.0142    0.0134
 -12.0   -76.0    0.0122    0.0098
 -12.0   -75.0    0.0091    0.0032
 -12.0   -74.0    0.0095    0.0034
 -13.0   -76.0    0.0106    0.0085
 -13.0   -75.0    0.0091    0.0081
 -13.0   -74.0    0.0092    0.0071
 -13.0   -77.0    0.0108    0.0103
 -14.0   -77.0    0.0097    0.0099
 -14.0   -75.0    0.0091    0.0031
 -14.0   -76.0    0.0071    0.0046
 -15.0   -76.0    0.0099    0.0097
 -22.0   -70.0    0.0188    0.0248
 -22.0   -69.0    0.0175    0.0243
 -22.0   -68.0    0.0162    0.0232
 -22.0   -67.0    0.0150    0.0228
 -22.0   -66.0    0.0137    0.0231
 -22.0   -71.0    0.0201    0.0243
 -23.0   -71.0    0.0200    0.0231
 -23.0   -70.0    0.0187    0.0247
 -23.0   -67.0    0.0150    0.0210
 -23.0   -66.0    0.0137    0.0214
 -23.0   -69.0    0.0174    0.0239
 -23.0   -68.0    0.0161    0.0206
 -24.0   -68.0    0.0161    0.0202
 -24.0   -67.0    0.0149    0.0200
 -24.0   -71.0    0.0200    0.0214
 -24.0   -70.0    0.0187    0.0217
 -24.0   -69.0    0.0174    0.0212
 -25.0   -71.0    0.0200    0.0197
 -25.0   -70.0    0.0183    0.0192
 -25.0   -69.0    0.0170    0.0189
 -25.0   -68.0    0.0157    0.0186
 -25.0   -67.0    0.0145    0.0186
 -26.0   -70.0    0.0182    0.0174
 -26.0   -69.0    0.0169    0.0173
 -26.0   -68.0    0.0156    0.0172
 -26.0   -71.0    0.0195    0.0178
 -27.0   -71.0    0.0192    0.0168
 -27.0   -69.0    0.0171    0.0172
 -27.0   -68.0    0.0154    0.0159
 -27.0   -70.0    0.0193    0.0173
 -28.0   -72.0    0.0203    0.0156
 -28.0   -71.0    0.0193    0.0145
 -28.0   -70.0    0.0182    0.0144
 -28.0   -69.0    0.0166    0.0143
 -28.0   -68.0    0.0153    0.0142
 -29.0   -71.0    0.0185    0.0137
 -29.0   -70.0    0.0175    0.0135
 -29.0   -69.0    0.0164    0.0132
 -29.0   -68.0    0.0151    0.0131
 -29.0   -72.0    0.0200    0.0146
 -30.0   -72.0    0.0198    0.0121
 -30.0   -71.0    0.0186    0.0127
 -30.0   -70.0    0.0173    0.0125
 -30.0   -69.0    0.0159    0.0116
 -30.0   -68.0    0.0146    0.0115
 -31.0   -71.0    0.0185    0.0104
 -31.0   -70.0    0.0171    0.0102
 -31.0   -69.0    0.0153    0.0103
 -31.0   -68.0    0.0142    0.0100
 -31.0   -72.0    0.0198    0.0106
 -32.0   -72.0    0.0197    0.0095
 -32.0   -71.0    0.0180    0.0093
 -32.0   -70.0    0.0163    0.0092
 -32.0   -69.0    0.0145    0.0090
 -32.0   -68.0    0.0136    0.0087
 -33.0   -69.0    0.0124    0.0080
 -33.0   -70.0    0.0152    0.0078
 -33.0   -71.0    0.0170    0.0080
 -33.0   -72.0    0.0213    0.0076
 -33.0   -68.0    0.0116    0.0076
 -36.0   -56.0    0.0130   -0.0061
 -36.0   -57.0    0.0128   -0.0058
 -36.0   -58.0    0.0130   -0.0064
 -36.0   -59.0    0.0127   -0.0061
 -36.0   -60.0    0.0125   -0.0059
 -36.0   -61.0    0.0124   -0.0060
 -36.0   -62.0    0.0122   -0.0059
 -36.0   -63.0    0.0120   -0.0059
 -36.0   -64.0    0.0121   -0.0061
 -36.0   -65.0    0.0120   -0.0062
 -36.0   -66.0    0.0125   -0.0071
 -37.0   -56.0    0.0130   -0.0057
 -37.0   -57.0    0.0132   -0.0057
 -37.0   -58.0    0.0128   -0.0057
 -37.0   -59.0    0.0125   -0.0053
 -37.0   -60.0    0.0122   -0.0052
 -37.0   -61.0    0.0123   -0.0054
 -37.0   -62.0    0.0122   -0.0056
 -37.0   -63.0    0.0124   -0.0057
 -37.0   -64.0    0.0117   -0.0055
 -37.0   -65.0    0.0119   -0.0058
 -37.0   -66.0    0.0125   -0.0067
 -38.0   -57.0    0.0131   -0.0052
 -38.0   -58.0    0.0126   -0.0050
 -38.0   -59.0    0.0126   -0.0051
 -38.0   -60.0    0.0125   -0.0051
 -38.0   -61.0    0.0123   -0.0053
 -38.0   -62.0    0.0121   -0.0053
 -38.0   -63.0    0.0124   -0.0055
 -38.0   -64.0    0.0123   -0.0057
 -38.0   -65.0    0.0125   -0.0059
 -38.0   -66.0    0.0127   -0.0062
 -39.0   -58.0    0.0130   -0.0053
 -39.0   -59.0    0.0128   -0.0052
 -39.0   -60.0    0.0126   -0.0052
 -39.0   -61.0    0.0124   -0.0052
 -39.0   -62.0    0.0121   -0.0053
 -39.0   -63.0    0.0125   -0.0054
 -39.0   -64.0    0.0129   -0.0059
 -39.0   -65.0    0.0131   -0.0061
 -39.0   -66.0    0.0132   -0.0063
 -40.0   -62.0    0.0131   -0.0056
 -40.0   -63.0    0.0132   -0.0058
 -40.0   -64.0    0.0136   -0.0061
 -40.0   -65.0    0.0137   -0.0063
 -40.0   -66.0    0.0137   -0.0066
 -41.0   -62.0    0.0134   -0.0056
 -41.0   -63.0    0.0134   -0.0056
 -41.0   -64.0    0.0136   -0.0058
 -41.0   -65.0    0.0136   -0.0059
 -41.0   -66.0    0.0135   -0.0061
 -41.0   -67.0    0.0136   -0.0062
 -42.0   -63.0    0.0133   -0.0053
 -42.0   -64.0    0.0134   -0.0051
 -42.0   -65.0    0.0134   -0.0055
 -42.0   -66.0    0.0135   -0.0059
 -42.0   -67.0    0.0134   -0.0058
 -42.0   -68.0    0.0132   -0.0056
 -42.0   -69.0    0.0131   -0.0056
 -42.0   -70.0    0.0132   -0.0057
 -42.0   -71.0    0.0127   -0.0054
 -42.0   -72.0    0.0125   -0.0053
 -42.0   -73.0    0.0127   -0.0049
 -42.0   -74.0    0.0128   -0.0049
 -42.0   -75.0    0.0125   -0.0048
 -43.0   -64.0    0.0136   -0.0058
 -43.0   -65.0    0.0136   -0.0056
 -43.0   -66.0    0.0134   -0.0055
 -43.0   -67.0    0.0132   -0.0053
 -43.0   -68.0    0.0132   -0.0054
 -43.0   -69.0    0.0129   -0.0051
 -43.0   -70.0    0.0128   -0.0051
 -43.0   -71.0    0.0117   -0.0042
 -43.0   -72.0    0.0121   -0.0038
 -43.0   -73.0    0.0129   -0.0045
 -43.0   -74.0    0.0128   -0.0045
 -43.0   -75.0    0.0125   -0.0044
 -44.0   -65.0    0.0137   -0.0054
 -44.0   -66.0    0.0137   -0.0053
 -44.0   -67.0    0.0135   -0.0051
 -44.0   -68.0    0.0136   -0.0053
 -44.0   -69.0    0.0132   -0.0050
 -44.0   -70.0    0.0132   -0.0043
 -44.0   -71.0    0.0126   -0.0039
 -44.0   -72.0    0.0131   -0.0041
 -44.0   -73.0    0.0129   -0.0042
 -44.0   -74.0    0.0128   -0.0042
 -44.0   -75.0    0.0125   -0.0040
 -45.0   -65.0    0.0140   -0.0047
 -45.0   -66.0    0.0144   -0.0048
 -45.0   -67.0    0.0143   -0.0047
 -45.0   -68.0    0.0136   -0.0038
 -45.0   -69.0    0.0132   -0.0035
 -45.0   -70.0    0.0127   -0.0029
 -45.0   -71.0    0.0130   -0.0036
 -45.0   -72.0    0.0123   -0.0029
 -45.0   -73.0    0.0127   -0.0035
 -45.0   -74.0    0.0128   -0.0037
 -45.0   -75.0    0.0125   -0.0036
 -46.0   -66.0    0.0125   -0.0022
 -46.0   -67.0    0.0122   -0.0020
 -46.0   -68.0    0.0136   -0.0034
 -46.0   -69.0    0.0134   -0.0031
 -46.0   -70.0    0.0132   -0.0028
 -46.0   -71.0    0.0121   -0.0018
 -46.0   -72.0    0.0114   -0.0011
 -46.0   -73.0    0.0117   -0.0017
 -46.0   -74.0    0.0122   -0.0024
 -47.0   -65.0    0.0123   -0.0013
 -47.0   -66.0    0.0121   -0.0010
 -47.0   -67.0    0.0122   -0.0006
 -47.0   -68.0    0.0119   -0.0005
 -47.0   -69.0    0.0116   -0.0004
 -47.0   -70.0    0.0114   -0.0003
 -47.0   -71.0    0.0110   -0.0001
 -47.0   -72.0    0.0108   -0.0001
 -47.0   -73.0    0.0105    0.0002
 -47.0   -74.0    0.0104    0.0003
 -47.0   -75.0    0.0101    0.0005
 -48.0   -65.0    0.0126   -0.0009
 -48.0   -66.0    0.0124   -0.0007
 -48.0   -67.0    0.0123   -0.0004
 -48.0   -68.0    0.0119   -0.0003
 -48.0   -69.0    0.0117   -0.0001
 -48.0   -70.0    0.0115    0.0000
 -48.0   -71.0    0.0112    0.0001
 -48.0   -72.0    0.0109    0.0002
 -48.0   -73.0    0.0107    0.0004
 -48.0   -74.0    0.0105    0.0008
 -48.0   -75.0    0.0102    0.0009
 -49.0   -67.0    0.0122    0.0008
 -49.0   -68.0    0.0120    0.0010
 -49.0   -69.0    0.0118    0.0011
 -49.0   -70.0    0.0116    0.0013
 -49.0   -71.0    0.0113    0.0015
 -49.0   -72.0    0.0111    0.0016
 -49.0   -73.0    0.0108    0.0018
 -49.0   -74.0    0.0106    0.0010
 -49.0   -75.0    0.0103    0.0011
 -50.0   -68.0    0.0120    0.0015
 -50.0   -69.0    0.0118    0.0019
 -50.0   -70.0    0.0116    0.0021
 -50.0   -71.0    0.0113    0.0022
 -50.0   -72.0    0.0111    0.0024
 -50.0   -73.0    0.0108    0.0025
 -50.0   -74.0    0.0106    0.0027
 -50.0   -75.0    0.0103    0.0028
 -51.0   -69.0    0.0118    0.0023
 -51.0   -70.0    0.0116    0.0025
 -51.0   -71.0    0.0113    0.0026
 -51.0   -72.0    0.0111    0.0028
 -51.0   -73.0    0.0108    0.0029
 -51.0   -74.0    0.0106    0.0031
 -51.0   -75.0    0.0103    0.0032
 -52.0   -69.0    0.0120    0.0029
 -52.0   -70.0    0.0116    0.0028
 -52.0   -71.0    0.0113    0.0030
 -52.0   -72.0    0.0111    0.0032
 -52.0   -73.0    0.0108    0.0033
 -52.0   -74.0    0.0106    0.0035
 -53.0   -68.0    0.0122    0.0027
 -53.0   -69.0    0.0121    0.0033
 -53.0   -70.0    0.0120    0.0034
 -53.0   -71.0    0.0120    0.0036
 -53.0   -72.0    0.0115    0.0038
 -53.0   -73.0    0.0111    0.0039
 -53.0   -74.0    0.0109    0.0041
 -54.0   -67.0    0.0125    0.0029
 -54.0   -68.0    0.0122    0.0031
 -54.0   -69.0    0.0121    0.0036
 -54.0   -70.0    0.0119    0.0038
 -54.0   -71.0    0.0116    0.0040
 -54.0   -72.0    0.0114    0.0041
 -55.0   -70.0    0.0119    0.0042
 -55.0   -69.0    0.0120    0.0040
 -55.0   -68.0    0.0121    0.0039
 -55.0   -67.0    0.0125    0.0033
 -55.0   -66.0    0.0127    0.0031
  19.0   -62.0    0.0164    0.0084
  19.0   -63.0    0.0157    0.0079
  18.0   -60.0    0.0175    0.0092
  18.0   -61.0    0.0169    0.0091
  17.0   -60.0    0.0174    0.0097
  17.0   -59.0    0.0180    0.0097
  16.0   -59.0    0.0180    0.0103
  15.0   -59.0    0.0180    0.0108