Column 1	Latitude [dec degrees]
Column 2	Longitude [dec degrees]
Column 3	Velocity in N-S direction [m/a]
Column 4	Velocity in W-E direction [m/a]
Column 5	Uncertainty of velocity in N-S direction [m/a]
Column 6	Uncertainty of velocity in W-E direction [m/a]

13.0	-73.0	0.0154	0.0099	0.0005	0.0011
13.0	-72.0	0.0139	0.0105	0.0008	0.0017
13.0	-71.0	0.0140	0.0109	0.0008	0.0017
12.0	-74.0	0.0150	0.0103	0.0004	0.0006
12.0	-73.0	0.0154	0.0100	0.0005	0.0011
12.0	-72.0	0.0144	0.0101	0.0012	0.0017
12.0	-71.0	0.0136	0.0095	0.0010	0.0024
12.0	-70.0	0.0132	0.0092	0.0006	0.0027
11.0	-75.0	0.0142	0.0107	0.0016	0.0011
11.0	-74.0	0.0154	0.0096	0.0004	0.0009
11.0	-73.0	0.0154	0.0100	0.0005	0.0011
11.0	-72.0	0.0149	0.0093	0.0009	0.0011
11.0	-71.0	0.0136	0.0096	0.0010	0.0024
11.0	-70.0	0.0132	0.0093	0.0006	0.0027
11.0	-69.0	0.0127	0.0064	0.0004	0.0054
10.0	-86.0	0.0214	0.0130	0.0021	0.0021
10.0	-85.0	0.0199	0.0131	0.0027	0.0015
10.0	-84.0	0.0187	0.0146	0.0027	0.0030
10.0	-80.0	0.0129	0.0176	0.0002	0.0013
10.0	-79.0	0.0134	0.0170	0.0007	0.0005
10.0	-78.0	0.0135	0.0171	0.0007	0.0005
10.0	-76.0	0.0109	0.0123	0.0005	0.0008
10.0	-75.0	0.0122	0.0116	0.0012	0.0008
10.0	-74.0	0.0155	0.0079	0.0004	0.0005
10.0	-73.0	0.0156	0.0079	0.0004	0.0005
10.0	-72.0	0.0149	0.0082	0.0009	0.0005
10.0	-71.0	0.0125	0.0043	0.0011	0.0052
10.0	-70.0	0.0126	0.0032	0.0011	0.0054
10.0	-69.0	0.0119	-0.0008	0.0005	0.0052
10.0	-68.0	0.0123	0.0005	0.0004	0.0046
10.0	-67.0	0.0126	-0.0022	0.0010	0.0018
10.0	-66.0	0.0130	-0.0015	0.0012	0.0019
10.0	-65.0	0.0136	-0.0007	0.0012	0.0019
10.0	-64.0	0.0141	-0.0002	0.0010	0.0018
10.0	-63.0	0.0136	-0.0006	0.0012	0.0020
10.0	-62.0	0.0131	-0.0022	0.0011	0.0023
10.0	-61.0	0.0134	-0.0011	0.0012	0.0022
9.0	-84.0	0.0201	0.0154	0.0022	0.0038
9.0	-83.0	0.0196	0.0225	0.0046	0.0021
9.0	-82.0	0.0183	0.0227	0.0045	0.0024
9.0	-81.0	0.0130	0.0194	0.0002	0.0018
9.0	-80.0	0.0129	0.0178	0.0002	0.0013
9.0	-79.0	0.0132	0.0169	0.0006	0.0005
9.0	-78.0	0.0138	0.0173	0.0007	0.0005
9.0	-77.0	0.0124	0.0153	0.0018	0.0019
9.0	-76.0	0.0124	0.0118	0.0014	0.0020
9.0	-75.0	0.0120	0.0116	0.0013	0.0010
9.0	-74.0	0.0149	0.0084	0.0007	0.0018
9.0	-73.0	0.0152	0.0058	0.0003	0.0017
9.0	-72.0	0.0148	0.0059	0.0005	0.0022
9.0	-71.0	0.0131	0.0035	0.0014	0.0050
9.0	-70.0	0.0117	-0.0018	0.0005	0.0048
9.0	-69.0	0.0119	-0.0007	0.0005	0.0052
9.0	-68.0	0.0118	-0.0031	0.0003	0.0020
9.0	-67.0	0.0124	-0.0026	0.0011	0.0020
9.0	-66.0	0.0130	-0.0016	0.0012	0.0020
9.0	-65.0	0.0133	-0.0010	0.0012	0.0020
9.0	-64.0	0.0135	-0.0008	0.0012	0.0020
9.0	-63.0	0.0135	-0.0009	0.0012	0.0021
9.0	-62.0	0.0131	-0.0021	0.0011	0.0023
9.0	-61.0	0.0134	-0.0012	0.0012	0.0022
8.0	-83.0	0.0181	0.0229	0.0045	0.0024
8.0	-82.0	0.0183	0.0228	0.0045	0.0024
8.0	-81.0	0.0131	0.0203	0.0001	0.0009
8.0	-80.0	0.0131	0.0196	0.0002	0.0018
8.0	-79.0	0.0134	0.0173	0.0007	0.0005
8.0	-78.0	0.0132	0.0165	0.0010	0.0012
8.0	-77.0	0.0124	0.0154	0.0016	0.0017
8.0	-76.0	0.0124	0.0125	0.0016	0.0024
8.0	-75.0	0.0130	0.0112	0.0017	0.0017
8.0	-74.0	0.0153	0.0053	0.0005	0.0010
8.0	-73.0	0.0150	0.0045	0.0001	0.0013
8.0	-72.0	0.0149	0.0034	0.0002	0.0008
8.0	-71.0	0.0124	-0.0020	0.0017	0.0037
8.0	-70.0	0.0117	-0.0017	0.0005	0.0048
8.0	-69.0	0.0116	-0.0044	0.0001	0.0001
8.0	-68.0	0.0119	-0.0029	0.0003	0.0020
8.0	-67.0	0.0120	-0.0029	0.0003	0.0020
8.0	-66.0	0.0130	-0.0015	0.0012	0.0021
8.0	-65.0	0.0131	-0.0013	0.0012	0.0021
8.0	-64.0	0.0133	-0.0010	0.0012	0.0021
8.0	-63.0	0.0133	-0.0010	0.0012	0.0021
8.0	-62.0	0.0131	-0.0017	0.0011	0.0023
8.0	-61.0	0.0136	-0.0023	0.0009	0.0016
8.0	-60.0	0.0133	-0.0035	0.0010	0.0020
8.0	-59.0	0.0128	-0.0045	0.0002	0.0001
7.0	-78.0	0.0141	0.0123	0.0014	0.0062
7.0	-77.0	0.0142	0.0084	0.0015	0.0052
7.0	-76.0	0.0140	0.0094	0.0012	0.0046
7.0	-75.0	0.0154	0.0063	0.0007	0.0021
7.0	-74.0	0.0156	0.0046	0.0008	0.0013
7.0	-73.0	0.0150	0.0035	0.0006	0.0009
7.0	-72.0	0.0148	0.0031	0.0002	0.0003
7.0	-71.0	0.0122	-0.0028	0.0012	0.0025
7.0	-70.0	0.0123	-0.0025	0.0017	0.0036
7.0	-69.0	0.0116	-0.0043	0.0001	0.0001
7.0	-68.0	0.0117	-0.0043	0.0001	0.0001
7.0	-67.0	0.0119	-0.0032	0.0003	0.0019
7.0	-66.0	0.0130	-0.0014	0.0012	0.0021
7.0	-65.0	0.0131	-0.0013	0.0012	0.0021
7.0	-64.0	0.0132	-0.0012	0.0012	0.0021
7.0	-63.0	0.0131	-0.0020	0.0011	0.0023
7.0	-62.0	0.0135	-0.0023	0.0009	0.0016
7.0	-61.0	0.0134	-0.0027	0.0009	0.0016
7.0	-60.0	0.0127	-0.0045	0.0002	0.0001
7.0	-59.0	0.0128	-0.0044	0.0002	0.0001
7.0	-58.0	0.0129	-0.0044	0.0002	0.0001
6.0	-78.0	0.0145	0.0064	0.0013	0.0044
6.0	-77.0	0.0154	0.0038	0.0003	0.0002
6.0	-76.0	0.0154	0.0039	0.0003	0.0002
6.0	-75.0	0.0155	0.0041	0.0004	0.0011
6.0	-74.0	0.0152	0.0029	0.0007	0.0021
6.0	-73.0	0.0136	-0.0010	0.0012	0.0025
6.0	-72.0	0.0140	0.0001	0.0013	0.0034
6.0	-71.0	0.0128	-0.0020	0.0016	0.0038
6.0	-70.0	0.0116	-0.0045	0.0003	0.0004
6.0	-69.0	0.0116	-0.0042	0.0001	0.0001
6.0	-68.0	0.0117	-0.0042	0.0001	0.0001
6.0	-67.0	0.0119	-0.0032	0.0003	0.0019
6.0	-66.0	0.0125	-0.0024	0.0011	0.0022
6.0	-65.0	0.0131	-0.0012	0.0012	0.0021
6.0	-64.0	0.0131	-0.0028	0.0013	0.0022
6.0	-63.0	0.0129	-0.0025	0.0010	0.0023
6.0	-62.0	0.0133	-0.0027	0.0009	0.0016
6.0	-61.0	0.0132	-0.0030	0.0008	0.0016
6.0	-60.0	0.0128	-0.0044	0.0002	0.0001
6.0	-59.0	0.0128	-0.0044	0.0002	0.0001
6.0	-58.0	0.0129	-0.0044	0.0002	0.0001
6.0	-57.0	0.0126	-0.0043	0.0001	0.0001
6.0	-56.0	0.0130	-0.0043	0.0002	0.0001
6.0	-55.0	0.0131	-0.0043	0.0002	0.0001
6.0	-54.0	0.0132	-0.0045	0.0001	0.0003
5.0	-78.0	0.0151	0.0046	0.0008	0.0008
5.0	-77.0	0.0152	0.0046	0.0008	0.0008
5.0	-76.0	0.0152	0.0030	0.0006	0.0012
5.0	-75.0	0.0151	0.0027	0.0002	0.0008
5.0	-74.0	0.0150	0.0002	0.0009	0.0015
5.0	-73.0	0.0134	-0.0012	0.0012	0.0024
5.0	-72.0	0.0132	-0.0021	0.0012	0.0026
5.0	-71.0	0.0129	-0.0023	0.0013	0.0025
5.0	-70.0	0.0130	-0.0022	0.0013	0.0025
5.0	-69.0	0.0117	-0.0044	0.0003	0.0004
5.0	-68.0	0.0118	-0.0043	0.0003	0.0004
5.0	-67.0	0.0118	-0.0041	0.0001	0.0001
5.0	-66.0	0.0118	-0.0043	0.0000	0.0001
5.0	-65.0	0.0130	-0.0027	0.0013	0.0022
5.0	-64.0	0.0128	-0.0031	0.0012	0.0021
5.0	-63.0	0.0131	-0.0026	0.0013	0.0021
5.0	-62.0	0.0129	-0.0031	0.0012	0.0019
5.0	-61.0	0.0127	-0.0044	0.0002	0.0001
5.0	-60.0	0.0128	-0.0044	0.0002	0.0001
5.0	-59.0	0.0128	-0.0043	0.0002	0.0001
5.0	-58.0	0.0129	-0.0043	0.0002	0.0001
5.0	-57.0	0.0129	-0.0043	0.0002	0.0001
5.0	-56.0	0.0130	-0.0043	0.0002	0.0001
5.0	-55.0	0.0131	-0.0044	0.0002	0.0003
5.0	-54.0	0.0132	-0.0046	0.0001	0.0004
5.0	-53.0	0.0131	-0.0049	0.0001	0.0004
5.0	-52.0	0.0132	-0.0048	0.0001	0.0004
4.0	-78.0	0.0140	0.0043	0.0011	0.0010
4.0	-77.0	0.0142	0.0046	0.0007	0.0010
4.0	-76.0	0.0147	0.0030	0.0008	0.0011
4.0	-75.0	0.0148	0.0013	0.0000	0.0009
4.0	-74.0	0.0146	-0.0013	0.0019	0.0014
4.0	-73.0	0.0131	-0.0015	0.0016	0.0017
4.0	-72.0	0.0121	-0.0032	0.0009	0.0018
4.0	-71.0	0.0128	-0.0021	0.0014	0.0025
4.0	-70.0	0.0126	-0.0024	0.0014	0.0024
4.0	-69.0	0.0124	-0.0032	0.0008	0.0019
4.0	-68.0	0.0119	-0.0044	0.0002	0.0003
4.0	-67.0	0.0118	-0.0042	0.0000	0.0001
4.0	-66.0	0.0120	-0.0043	0.0002	0.0001
4.0	-65.0	0.0120	-0.0041	0.0002	0.0004
4.0	-64.0	0.0121	-0.0041	0.0002	0.0004
4.0	-63.0	0.0122	-0.0040	0.0002	0.0004
4.0	-62.0	0.0123	-0.0040	0.0002	0.0004
4.0	-61.0	0.0124	-0.0040	0.0002	0.0004
4.0	-60.0	0.0127	-0.0042	0.0002	0.0000
4.0	-59.0	0.0127	-0.0042	0.0002	0.0000
4.0	-58.0	0.0129	-0.0043	0.0002	0.0001
4.0	-57.0	0.0129	-0.0043	0.0002	0.0001
4.0	-56.0	0.0130	-0.0042	0.0002	0.0001
4.0	-55.0	0.0131	-0.0044	0.0001	0.0003
4.0	-54.0	0.0132	-0.0047	0.0001	0.0005
4.0	-53.0	0.0132	-0.0047	0.0001	0.0004
4.0	-52.0	0.0132	-0.0047	0.0001	0.0004
4.0	-51.0	0.0131	-0.0049	0.0004	0.0001
3.0	-78.0	0.0132	0.0068	0.0006	0.0035
3.0	-77.0	0.0135	0.0044	0.0005	0.0012
3.0	-76.0	0.0135	0.0022	0.0004	0.0016
3.0	-75.0	0.0131	0.0008	0.0021	0.0025
3.0	-74.0	0.0133	-0.0013	0.0017	0.0017
3.0	-73.0	0.0144	-0.0011	0.0018	0.0013
3.0	-72.0	0.0128	-0.0023	0.0015	0.0021
3.0	-71.0	0.0122	-0.0031	0.0009	0.0018
3.0	-70.0	0.0123	-0.0030	0.0009	0.0018
3.0	-69.0	0.0118	-0.0044	0.0002	0.0003
3.0	-68.0	0.0119	-0.0044	0.0002	0.0003
3.0	-67.0	0.0119	-0.0041	0.0002	0.0004
3.0	-66.0	0.0119	-0.0040	0.0002	0.0004
3.0	-65.0	0.0120	-0.0040	0.0002	0.0004
3.0	-64.0	0.0121	-0.0040	0.0002	0.0004
3.0	-63.0	0.0122	-0.0040	0.0002	0.0004
3.0	-62.0	0.0122	-0.0041	0.0002	0.0003
3.0	-61.0	0.0124	-0.0040	0.0002	0.0004
3.0	-60.0	0.0125	-0.0039	0.0002	0.0004
3.0	-59.0	0.0127	-0.0041	0.0002	0.0000
3.0	-58.0	0.0128	-0.0041	0.0002	0.0000
3.0	-57.0	0.0129	-0.0042	0.0002	0.0001
3.0	-56.0	0.0130	-0.0042	0.0002	0.0001
3.0	-55.0	0.0131	-0.0046	0.0001	0.0004
3.0	-54.0	0.0132	-0.0047	0.0001	0.0005
3.0	-53.0	0.0132	-0.0047	0.0001	0.0005
3.0	-52.0	0.0132	-0.0050	0.0002	0.0002
3.0	-51.0	0.0131	-0.0048	0.0004	0.0001
2.0	-79.0	0.0131	0.0130	0.0027	0.0036
2.0	-78.0	0.0115	0.0071	0.0008	0.0058
2.0	-77.0	0.0112	-0.0002	0.0015	0.0029
2.0	-76.0	0.0120	-0.0001	0.0020	0.0029
2.0	-75.0	0.0122	-0.0001	0.0020	0.0029
2.0	-74.0	0.0115	-0.0025	0.0019	0.0016
2.0	-73.0	0.0125	-0.0018	0.0022	0.0018
2.0	-72.0	0.0141	-0.0015	0.0019	0.0018
2.0	-71.0	0.0142	-0.0015	0.0019	0.0018
2.0	-70.0	0.0116	-0.0042	0.0003	0.0005
2.0	-69.0	0.0121	-0.0033	0.0008	0.0015
2.0	-68.0	0.0117	-0.0039	0.0002	0.0005
2.0	-67.0	0.0119	-0.0039	0.0003	0.0004
2.0	-66.0	0.0120	-0.0040	0.0003	0.0003
2.0	-65.0	0.0120	-0.0039	0.0002	0.0004
2.0	-64.0	0.0121	-0.0039	0.0002	0.0004
2.0	-63.0	0.0122	-0.0039	0.0002	0.0004
2.0	-62.0	0.0123	-0.0040	0.0002	0.0003
2.0	-61.0	0.0125	-0.0040	0.0002	0.0003
2.0	-60.0	0.0125	-0.0039	0.0002	0.0004
2.0	-59.0	0.0125	-0.0039	0.0002	0.0004
2.0	-58.0	0.0128	-0.0041	0.0002	0.0000
2.0	-57.0	0.0128	-0.0041	0.0002	0.0000
2.0	-56.0	0.0130	-0.0042	0.0002	0.0001
2.0	-55.0	0.0130	-0.0044	0.0002	0.0004
2.0	-54.0	0.0130	-0.0046	0.0004	0.0004
2.0	-53.0	0.0128	-0.0045	0.0005	0.0003
2.0	-52.0	0.0128	-0.0045	0.0005	0.0003
2.0	-51.0	0.0129	-0.0045	0.0005	0.0003
2.0	-50.0	0.0132	-0.0046	0.0005	0.0003
1.0	-80.0	0.0141	0.0116	0.0028	0.0041
1.0	-79.0	0.0128	0.0129	0.0027	0.0036
1.0	-78.0	0.0104	0.0018	0.0006	0.0043
1.0	-77.0	0.0108	-0.0003	0.0007	0.0021
1.0	-76.0	0.0113	-0.0001	0.0015	0.0029
1.0	-75.0	0.0112	-0.0031	0.0020	0.0023
1.0	-74.0	0.0113	-0.0031	0.0020	0.0023
1.0	-73.0	0.0114	-0.0031	0.0020	0.0023
1.0	-72.0	0.0121	-0.0025	0.0022	0.0023
1.0	-71.0	0.0115	-0.0041	0.0003	0.0005
1.0	-70.0	0.0116	-0.0041	0.0003	0.0005
1.0	-69.0	0.0121	-0.0037	0.0004	0.0011
1.0	-68.0	0.0118	-0.0039	0.0003	0.0004
1.0	-67.0	0.0119	-0.0039	0.0003	0.0004
1.0	-66.0	0.0119	-0.0038	0.0003	0.0004
1.0	-65.0	0.0120	-0.0038	0.0003	0.0004
1.0	-64.0	0.0121	-0.0038	0.0002	0.0004
1.0	-63.0	0.0122	-0.0038	0.0002	0.0004
1.0	-62.0	0.0123	-0.0038	0.0002	0.0003
1.0	-61.0	0.0124	-0.0038	0.0002	0.0003
1.0	-60.0	0.0126	-0.0039	0.0002	0.0003
1.0	-59.0	0.0126	-0.0037	0.0002	0.0004
1.0	-58.0	0.0127	-0.0037	0.0002	0.0003
1.0	-57.0	0.0126	-0.0038	0.0002	0.0004
1.0	-56.0	0.0125	-0.0038	0.0001	0.0004
1.0	-55.0	0.0126	-0.0042	0.0004	0.0006
1.0	-54.0	0.0128	-0.0045	0.0005	0.0003
1.0	-53.0	0.0128	-0.0045	0.0005	0.0003
1.0	-52.0	0.0128	-0.0045	0.0005	0.0003
1.0	-51.0	0.0129	-0.0045	0.0005	0.0003
1.0	-50.0	0.0136	-0.0042	0.0007	0.0006
0.0	-80.0	0.0133	0.0046	0.0017	0.0032
0.0	-79.0	0.0120	0.0003	0.0009	0.0009
0.0	-78.0	0.0104	-0.0012	0.0008	0.0024
0.0	-77.0	0.0094	-0.0030	0.0007	0.0030
0.0	-76.0	0.0092	-0.0045	0.0005	0.0009
0.0	-75.0	0.0094	-0.0045	0.0005	0.0009
0.0	-74.0	0.0095	-0.0045	0.0005	0.0009
0.0	-73.0	0.0114	-0.0030	0.0020	0.0023
0.0	-72.0	0.0097	-0.0043	0.0006	0.0010
0.0	-71.0	0.0109	-0.0033	0.0014	0.0009
0.0	-70.0	0.0110	-0.0033	0.0014	0.0009
0.0	-69.0	0.0121	-0.0034	0.0004	0.0010
0.0	-68.0	0.0122	-0.0036	0.0004	0.0009
0.0	-67.0	0.0119	-0.0038	0.0003	0.0004
0.0	-66.0	0.0119	-0.0038	0.0003	0.0004
0.0	-65.0	0.0120	-0.0038	0.0003	0.0004
0.0	-64.0	0.0121	-0.0038	0.0003	0.0004
0.0	-63.0	0.0124	-0.0038	0.0003	0.0004
0.0	-62.0	0.0124	-0.0038	0.0002	0.0003
0.0	-61.0	0.0125	-0.0038	0.0002	0.0003
0.0	-60.0	0.0126	-0.0039	0.0002	0.0003
0.0	-59.0	0.0127	-0.0040	0.0000	0.0002
0.0	-58.0	0.0127	-0.0037	0.0002	0.0003
0.0	-57.0	0.0125	-0.0037	0.0002	0.0004
0.0	-56.0	0.0125	-0.0038	0.0001	0.0004
0.0	-55.0	0.0125	-0.0038	0.0001	0.0004
0.0	-54.0	0.0128	-0.0044	0.0004	0.0003
0.0	-53.0	0.0128	-0.0045	0.0005	0.0003
0.0	-52.0	0.0128	-0.0045	0.0005	0.0003
0.0	-51.0	0.0129	-0.0045	0.0005	0.0003
0.0	-50.0	0.0132	-0.0046	0.0005	0.0003
0.0	-49.0	0.0127	-0.0041	0.0012	0.0006
0.0	-48.0	0.0127	-0.0041	0.0012	0.0006
0.0	-47.0	0.0128	-0.0040	0.0011	0.0005
-1.0	-81.0	0.0142	0.0024	0.0038	0.0016
-1.0	-80.0	0.0148	0.0022	0.0035	0.0015
-1.0	-79.0	0.0119	0.0013	0.0014	0.0010
-1.0	-78.0	0.0096	-0.0037	0.0010	0.0026
-1.0	-77.0	0.0094	-0.0046	0.0009	0.0007
-1.0	-76.0	0.0097	-0.0046	0.0010	0.0006
-1.0	-75.0	0.0099	-0.0047	0.0010	0.0006
-1.0	-74.0	0.0093	-0.0043	0.0006	0.0009
-1.0	-73.0	0.0096	-0.0042	0.0006	0.0010
-1.0	-72.0	0.0105	-0.0037	0.0014	0.0015
-1.0	-71.0	0.0109	-0.0032	0.0014	0.0009
-1.0	-70.0	0.0110	-0.0032	0.0014	0.0009
-1.0	-69.0	0.0121	-0.0033	0.0004	0.0010
-1.0	-68.0	0.0122	-0.0034	0.0004	0.0010
-1.0	-67.0	0.0119	-0.0037	0.0003	0.0004
-1.0	-66.0	0.0119	-0.0037	0.0003	0.0004
-1.0	-65.0	0.0120	-0.0037	0.0003	0.0004
-1.0	-64.0	0.0121	-0.0038	0.0002	0.0004
-1.0	-63.0	0.0122	-0.0035	0.0002	0.0003
-1.0	-62.0	0.0124	-0.0037	0.0003	0.0003
-1.0	-61.0	0.0125	-0.0037	0.0003	0.0003
-1.0	-60.0	0.0127	-0.0038	0.0000	0.0002
-1.0	-59.0	0.0127	-0.0038	0.0000	0.0002
-1.0	-58.0	0.0127	-0.0036	0.0002	0.0003
-1.0	-57.0	0.0125	-0.0036	0.0002	0.0004
-1.0	-56.0	0.0126	-0.0036	0.0002	0.0004
-1.0	-55.0	0.0125	-0.0037	0.0001	0.0004
-1.0	-54.0	0.0126	-0.0041	0.0006	0.0006
-1.0	-53.0	0.0128	-0.0043	0.0004	0.0003
-1.0	-52.0	0.0128	-0.0044	0.0005	0.0003
-1.0	-51.0	0.0129	-0.0044	0.0005	0.0003
-1.0	-50.0	0.0132	-0.0045	0.0005	0.0003
-1.0	-49.0	0.0133	-0.0041	0.0005	0.0006
-1.0	-48.0	0.0127	-0.0041	0.0005	0.0006
-1.0	-47.0	0.0126	-0.0039	0.0002	0.0001
-1.0	-46.0	0.0129	-0.0039	0.0002	0.0001
-1.0	-45.0	0.0129	-0.0039	0.0010	0.0004
-2.0	-81.0	0.0114	0.0027	0.0059	0.0017
-2.0	-80.0	0.0101	0.0034	0.0041	0.0018
-2.0	-79.0	0.0093	0.0012	0.0007	0.0019
-2.0	-78.0	0.0091	-0.0020	0.0010	0.0022
-2.0	-77.0	0.0093	-0.0043	0.0013	0.0004
-2.0	-76.0	0.0095	-0.0045	0.0013	0.0006
-2.0	-75.0	0.0093	-0.0043	0.0011	0.0006
-2.0	-74.0	0.0099	-0.0042	0.0010	0.0008
-2.0	-73.0	0.0106	-0.0036	0.0013	0.0013
-2.0	-72.0	0.0105	-0.0036	0.0014	0.0015
-2.0	-71.0	0.0109	-0.0031	0.0014	0.0009
-2.0	-70.0	0.0110	-0.0031	0.0014	0.0009
-2.0	-69.0	0.0121	-0.0032	0.0004	0.0010
-2.0	-68.0	0.0122	-0.0032	0.0004	0.0010
-2.0	-67.0	0.0121	-0.0036	0.0002	0.0004
-2.0	-66.0	0.0121	-0.0036	0.0002	0.0004
-2.0	-65.0	0.0121	-0.0038	0.0002	0.0004
-2.0	-64.0	0.0122	-0.0037	0.0002	0.0004
-2.0	-63.0	0.0123	-0.0036	0.0002	0.0004
-2.0	-62.0	0.0124	-0.0036	0.0003	0.0003
-2.0	-61.0	0.0125	-0.0036	0.0003	0.0003
-2.0	-60.0	0.0127	-0.0037	0.0000	0.0002
-2.0	-59.0	0.0127	-0.0037	0.0000	0.0002
-2.0	-58.0	0.0127	-0.0036	0.0002	0.0003
-2.0	-57.0	0.0125	-0.0036	0.0002	0.0004
-2.0	-56.0	0.0126	-0.0036	0.0001	0.0004
-2.0	-55.0	0.0126	-0.0036	0.0001	0.0004
-2.0	-54.0	0.0124	-0.0037	0.0004	0.0004
-2.0	-53.0	0.0124	-0.0037	0.0004	0.0004
-2.0	-52.0	0.0123	-0.0039	0.0004	0.0006
-2.0	-51.0	0.0127	-0.0041	0.0006	0.0006
-2.0	-50.0	0.0122	-0.0041	0.0007	0.0006
-2.0	-49.0	0.0117	-0.0041	0.0005	0.0006
-2.0	-48.0	0.0129	-0.0040	0.0010	0.0005
-2.0	-47.0	0.0120	-0.0035	0.0002	0.0001
-2.0	-46.0	0.0127	-0.0038	0.0010	0.0003
-2.0	-45.0	0.0130	-0.0040	0.0010	0.0003
-2.0	-44.0	0.0133	-0.0040	0.0002	0.0001
-2.0	-43.0	0.0133	-0.0042	0.0003	0.0004
-3.0	-81.0	0.0081	0.0030	0.0050	0.0011
-3.0	-80.0	0.0088	0.0015	0.0042	0.0026
-3.0	-79.0	0.0089	-0.0010	0.0011	0.0014
-3.0	-78.0	0.0077	-0.0032	0.0007	0.0006
-3.0	-77.0	0.0084	-0.0037	0.0017	0.0004
-3.0	-76.0	0.0085	-0.0037	0.0017	0.0004
-3.0	-75.0	0.0099	-0.0041	0.0010	0.0008
-3.0	-74.0	0.0097	-0.0041	0.0010	0.0008
-3.0	-73.0	0.0104	-0.0034	0.0014	0.0015
-3.0	-72.0	0.0105	-0.0034	0.0014	0.0015
-3.0	-71.0	0.0112	-0.0031	0.0013	0.0008
-3.0	-70.0	0.0110	-0.0030	0.0014	0.0009
-3.0	-69.0	0.0121	-0.0028	0.0004	0.0009
-3.0	-68.0	0.0122	-0.0030	0.0004	0.0008
-3.0	-67.0	0.0121	-0.0035	0.0002	0.0004
-3.0	-66.0	0.0121	-0.0036	0.0002	0.0004
-3.0	-65.0	0.0123	-0.0034	0.0001	0.0004
-3.0	-64.0	0.0123	-0.0034	0.0002	0.0005
-3.0	-63.0	0.0123	-0.0036	0.0002	0.0004
-3.0	-62.0	0.0125	-0.0039	0.0001	0.0000
-3.0	-61.0	0.0126	-0.0039	0.0001	0.0000
-3.0	-60.0	0.0127	-0.0037	0.0000	0.0002
-3.0	-59.0	0.0127	-0.0037	0.0000	0.0002
-3.0	-58.0	0.0127	-0.0035	0.0002	0.0003
-3.0	-57.0	0.0126	-0.0034	0.0002	0.0003
-3.0	-56.0	0.0126	-0.0035	0.0001	0.0004
-3.0	-55.0	0.0126	-0.0035	0.0001	0.0004
-3.0	-54.0	0.0125	-0.0035	0.0004	0.0004
-3.0	-53.0	0.0124	-0.0037	0.0004	0.0004
-3.0	-52.0	0.0124	-0.0037	0.0004	0.0004
-3.0	-51.0	0.0126	-0.0039	0.0009	0.0006
-3.0	-50.0	0.0116	-0.0033	0.0002	0.0002
-3.0	-49.0	0.0120	-0.0035	0.0002	0.0001
-3.0	-48.0	0.0120	-0.0036	0.0002	0.0001
-3.0	-47.0	0.0128	-0.0038	0.0011	0.0004
-3.0	-46.0	0.0130	-0.0039	0.0010	0.0003
-3.0	-45.0	0.0133	-0.0039	0.0002	0.0001
-3.0	-44.0	0.0133	-0.0040	0.0002	0.0001
-3.0	-43.0	0.0132	-0.0040	0.0002	0.0001
-3.0	-42.0	0.0132	-0.0042	0.0003	0.0005
-3.0	-41.0	0.0131	-0.0044	0.0003	0.0005
-3.0	-40.0	0.0131	-0.0046	0.0004	0.0004
-3.0	-39.0	0.0131	-0.0045	0.0004	0.0004
-4.0	-81.0	0.0034	-0.0017	0.0023	0.0040
-4.0	-80.0	0.0055	-0.0047	0.0023	0.0023
-4.0	-79.0	0.0084	-0.0024	0.0004	0.0010
-4.0	-78.0	0.0076	-0.0038	0.0006	0.0015
-4.0	-77.0	0.0077	-0.0038	0.0005	0.0013
-4.0	-76.0	0.0099	-0.0038	0.0033	0.0012
-4.0	-75.0	0.0104	-0.0039	0.0031	0.0012
-4.0	-74.0	0.0108	-0.0040	0.0027	0.0009
-4.0	-73.0	0.0108	-0.0027	0.0015	0.0008
-4.0	-72.0	0.0110	-0.0026	0.0015	0.0008
-4.0	-71.0	0.0111	-0.0027	0.0015	0.0008
-4.0	-70.0	0.0113	-0.0027	0.0015	0.0008
-4.0	-69.0	0.0117	-0.0030	0.0012	0.0008
-4.0	-68.0	0.0124	-0.0025	0.0003	0.0008
-4.0	-67.0	0.0124	-0.0027	0.0003	0.0008
-4.0	-66.0	0.0122	-0.0034	0.0001	0.0004
-4.0	-65.0	0.0123	-0.0034	0.0001	0.0004
-4.0	-64.0	0.0124	-0.0036	0.0001	0.0004
-4.0	-63.0	0.0125	-0.0037	0.0001	0.0004
-4.0	-62.0	0.0125	-0.0038	0.0001	0.0000
-4.0	-61.0	0.0126	-0.0038	0.0001	0.0000
-4.0	-60.0	0.0127	-0.0036	0.0000	0.0002
-4.0	-59.0	0.0127	-0.0036	0.0000	0.0002
-4.0	-58.0	0.0126	-0.0033	0.0002	0.0003
-4.0	-57.0	0.0126	-0.0034	0.0002	0.0003
-4.0	-56.0	0.0126	-0.0035	0.0001	0.0004
-4.0	-55.0	0.0126	-0.0035	0.0001	0.0004
-4.0	-54.0	0.0124	-0.0035	0.0004	0.0004
-4.0	-53.0	0.0124	-0.0035	0.0004	0.0004
-4.0	-52.0	0.0125	-0.0036	0.0004	0.0004
-4.0	-51.0	0.0124	-0.0035	0.0009	0.0004
-4.0	-50.0	0.0126	-0.0036	0.0011	0.0004
-4.0	-49.0	0.0128	-0.0038	0.0011	0.0003
-4.0	-48.0	0.0129	-0.0038	0.0011	0.0003
-4.0	-47.0	0.0133	-0.0039	0.0003	0.0001
-4.0	-46.0	0.0134	-0.0040	0.0003	0.0000
-4.0	-45.0	0.0133	-0.0039	0.0002	0.0001
-4.0	-44.0	0.0132	-0.0040	0.0002	0.0001
-4.0	-43.0	0.0132	-0.0040	0.0002	0.0001
-4.0	-42.0	0.0132	-0.0042	0.0003	0.0004
-4.0	-41.0	0.0130	-0.0045	0.0004	0.0005
-4.0	-40.0	0.0131	-0.0046	0.0004	0.0004
-4.0	-39.0	0.0131	-0.0045	0.0004	0.0004
-4.0	-38.0	0.0137	-0.0043	0.0014	0.0003
-5.0	-81.0	0.0056	-0.0034	0.0021	0.0033
-5.0	-80.0	0.0057	-0.0034	0.0021	0.0033
-5.0	-79.0	0.0069	-0.0044	0.0023	0.0024
-5.0	-78.0	0.0096	-0.0040	0.0035	0.0014
-5.0	-77.0	0.0099	-0.0033	0.0032	0.0013
-5.0	-76.0	0.0103	-0.0037	0.0040	0.0015
-5.0	-75.0	0.0110	-0.0038	0.0036	0.0015
-5.0	-74.0	0.0121	-0.0028	0.0031	0.0004
-5.0	-73.0	0.0109	-0.0025	0.0015	0.0008
-5.0	-72.0	0.0110	-0.0025	0.0015	0.0008
-5.0	-71.0	0.0111	-0.0025	0.0015	0.0008
-5.0	-70.0	0.0112	-0.0026	0.0015	0.0008
-5.0	-69.0	0.0115	-0.0026	0.0013	0.0007
-5.0	-68.0	0.0124	-0.0024	0.0003	0.0008
-5.0	-67.0	0.0124	-0.0027	0.0003	0.0008
-5.0	-66.0	0.0122	-0.0033	0.0001	0.0004
-5.0	-65.0	0.0123	-0.0034	0.0001	0.0004
-5.0	-64.0	0.0124	-0.0035	0.0001	0.0004
-5.0	-63.0	0.0123	-0.0035	0.0002	0.0004
-5.0	-62.0	0.0123	-0.0037	0.0002	0.0001
-5.0	-61.0	0.0126	-0.0037	0.0001	0.0000
-5.0	-60.0	0.0127	-0.0035	0.0000	0.0002
-5.0	-59.0	0.0127	-0.0036	0.0000	0.0002
-5.0	-58.0	0.0127	-0.0034	0.0002	0.0003
-5.0	-57.0	0.0126	-0.0033	0.0002	0.0003
-5.0	-56.0	0.0127	-0.0034	0.0002	0.0004
-5.0	-55.0	0.0126	-0.0034	0.0001	0.0004
-5.0	-54.0	0.0124	-0.0035	0.0004	0.0004
-5.0	-53.0	0.0124	-0.0035	0.0004	0.0004
-5.0	-52.0	0.0125	-0.0035	0.0005	0.0004
-5.0	-51.0	0.0128	-0.0035	0.0008	0.0004
-5.0	-50.0	0.0129	-0.0035	0.0007	0.0004
-5.0	-49.0	0.0129	-0.0037	0.0008	0.0003
-5.0	-48.0	0.0132	-0.0040	0.0004	0.0004
-5.0	-47.0	0.0133	-0.0039	0.0003	0.0001
-5.0	-46.0	0.0133	-0.0043	0.0004	0.0004
-5.0	-45.0	0.0134	-0.0039	0.0003	0.0001
-5.0	-44.0	0.0131	-0.0040	0.0002	0.0001
-5.0	-43.0	0.0131	-0.0040	0.0002	0.0001
-5.0	-42.0	0.0131	-0.0041	0.0003	0.0005
-5.0	-41.0	0.0131	-0.0042	0.0003	0.0004
-5.0	-40.0	0.0131	-0.0046	0.0003	0.0003
-5.0	-39.0	0.0129	-0.0045	0.0002	0.0003
-5.0	-38.0	0.0140	-0.0043	0.0013	0.0003
-5.0	-37.0	0.0140	-0.0043	0.0013	0.0003
-5.0	-36.0	0.0137	-0.0044	0.0015	0.0003
-5.0	-35.0	0.0144	-0.0041	0.0012	0.0002
-6.0	-81.0	0.0063	-0.0027	0.0022	0.0030
-6.0	-80.0	0.0076	-0.0013	0.0007	0.0018
-6.0	-79.0	0.0076	-0.0021	0.0009	0.0010
-6.0	-78.0	0.0100	-0.0030	0.0041	0.0018
-6.0	-77.0	0.0136	-0.0027	0.0032	0.0018
-6.0	-76.0	0.0106	-0.0028	0.0036	0.0016
-6.0	-75.0	0.0121	-0.0026	0.0027	0.0004
-6.0	-74.0	0.0108	-0.0028	0.0015	0.0003
-6.0	-73.0	0.0108	-0.0028	0.0015	0.0003
-6.0	-72.0	0.0110	-0.0024	0.0015	0.0008
-6.0	-71.0	0.0111	-0.0024	0.0015	0.0008
-6.0	-70.0	0.0112	-0.0025	0.0015	0.0008
-6.0	-69.0	0.0122	-0.0023	0.0003	0.0007
-6.0	-68.0	0.0121	-0.0019	0.0006	0.0005
-6.0	-67.0	0.0124	-0.0025	0.0003	0.0008
-6.0	-66.0	0.0121	-0.0031	0.0003	0.0004
-6.0	-65.0	0.0122	-0.0034	0.0002	0.0004
-6.0	-64.0	0.0122	-0.0033	0.0002	0.0005
-6.0	-63.0	0.0122	-0.0033	0.0002	0.0005
-6.0	-62.0	0.0122	-0.0037	0.0001	0.0001
-6.0	-61.0	0.0124	-0.0037	0.0002	0.0001
-6.0	-60.0	0.0126	-0.0035	0.0002	0.0001
-6.0	-59.0	0.0127	-0.0035	0.0001	0.0001
-6.0	-58.0	0.0127	-0.0033	0.0002	0.0003
-6.0	-57.0	0.0126	-0.0032	0.0002	0.0003
-6.0	-56.0	0.0127	-0.0034	0.0002	0.0004
-6.0	-55.0	0.0124	-0.0033	0.0004	0.0004
-6.0	-54.0	0.0124	-0.0034	0.0004	0.0004
-6.0	-53.0	0.0125	-0.0034	0.0004	0.0004
-6.0	-52.0	0.0127	-0.0036	0.0006	0.0003
-6.0	-51.0	0.0129	-0.0035	0.0008	0.0004
-6.0	-50.0	0.0129	-0.0035	0.0008	0.0004
-6.0	-49.0	0.0132	-0.0041	0.0004	0.0005
-6.0	-48.0	0.0132	-0.0041	0.0004	0.0005
-6.0	-47.0	0.0132	-0.0041	0.0004	0.0005
-6.0	-46.0	0.0133	-0.0043	0.0004	0.0004
-6.0	-45.0	0.0131	-0.0042	0.0002	0.0004
-6.0	-44.0	0.0131	-0.0039	0.0002	0.0001
-6.0	-43.0	0.0131	-0.0040	0.0002	0.0001
-6.0	-42.0	0.0131	-0.0042	0.0003	0.0004
-6.0	-41.0	0.0129	-0.0040	0.0001	0.0001
-6.0	-40.0	0.0131	-0.0045	0.0003	0.0003
-6.0	-39.0	0.0139	-0.0044	0.0014	0.0003
-6.0	-38.0	0.0140	-0.0055	0.0013	0.0010
-6.0	-37.0	0.0140	-0.0051	0.0013	0.0011
-6.0	-36.0	0.0134	-0.0045	0.0014	0.0003
-6.0	-35.0	0.0132	-0.0045	0.0010	0.0004
-7.0	-80.0	0.0071	-0.0005	0.0010	0.0011
-7.0	-79.0	0.0091	-0.0005	0.0036	0.0010
-7.0	-78.0	0.0096	-0.0014	0.0039	0.0003
-7.0	-77.0	0.0101	-0.0029	0.0041	0.0018
-7.0	-76.0	0.0115	-0.0018	0.0038	0.0004
-7.0	-75.0	0.0131	-0.0023	0.0020	0.0003
-7.0	-74.0	0.0121	-0.0026	0.0027	0.0004
-7.0	-73.0	0.0113	-0.0026	0.0013	0.0003
-7.0	-72.0	0.0114	-0.0023	0.0014	0.0007
-7.0	-71.0	0.0114	-0.0023	0.0014	0.0007
-7.0	-70.0	0.0119	-0.0019	0.0006	0.0007
-7.0	-69.0	0.0119	-0.0019	0.0006	0.0007
-7.0	-68.0	0.0120	-0.0018	0.0006	0.0005
-7.0	-67.0	0.0119	-0.0025	0.0003	0.0008
-7.0	-66.0	0.0120	-0.0032	0.0002	0.0004
-7.0	-65.0	0.0121	-0.0032	0.0002	0.0004
-7.0	-64.0	0.0122	-0.0033	0.0002	0.0004
-7.0	-63.0	0.0122	-0.0036	0.0001	0.0001
-7.0	-62.0	0.0122	-0.0037	0.0001	0.0001
-7.0	-61.0	0.0123	-0.0037	0.0001	0.0001
-7.0	-60.0	0.0125	-0.0035	0.0001	0.0001
-7.0	-59.0	0.0126	-0.0034	0.0002	0.0001
-7.0	-58.0	0.0127	-0.0035	0.0002	0.0001
-7.0	-57.0	0.0128	-0.0035	0.0002	0.0002
-7.0	-56.0	0.0127	-0.0033	0.0003	0.0004
-7.0	-55.0	0.0125	-0.0033	0.0005	0.0004
-7.0	-54.0	0.0126	-0.0034	0.0006	0.0004
-7.0	-53.0	0.0127	-0.0034	0.0005	0.0003
-7.0	-52.0	0.0129	-0.0036	0.0006	0.0003
-7.0	-51.0	0.0130	-0.0035	0.0007	0.0004
-7.0	-50.0	0.0133	-0.0038	0.0004	0.0002
-7.0	-49.0	0.0132	-0.0041	0.0004	0.0005
-7.0	-48.0	0.0132	-0.0041	0.0004	0.0005
-7.0	-47.0	0.0132	-0.0042	0.0004	0.0005
-7.0	-46.0	0.0132	-0.0042	0.0004	0.0004
-7.0	-45.0	0.0131	-0.0042	0.0002	0.0004
-7.0	-44.0	0.0130	-0.0041	0.0001	0.0005
-7.0	-43.0	0.0131	-0.0043	0.0001	0.0003
-7.0	-42.0	0.0130	-0.0042	0.0001	0.0004
-7.0	-41.0	0.0130	-0.0043	0.0001	0.0004
-7.0	-40.0	0.0130	-0.0045	0.0002	0.0003
-7.0	-39.0	0.0130	-0.0044	0.0002	0.0003
-7.0	-38.0	0.0131	-0.0053	0.0001	0.0011
-7.0	-37.0	0.0130	-0.0053	0.0003	0.0011
-7.0	-36.0	0.0133	-0.0056	0.0010	0.0011
-7.0	-35.0	0.0131	-0.0046	0.0011	0.0004
-8.0	-80.0	0.0071	-0.0003	0.0009	0.0010
-8.0	-79.0	0.0073	-0.0003	0.0009	0.0010
-8.0	-78.0	0.0095	-0.0005	0.0037	0.0011
-8.0	-77.0	0.0106	0.0003	0.0038	0.0019
-8.0	-76.0	0.0134	-0.0004	0.0017	0.0021
-8.0	-75.0	0.0121	-0.0006	0.0006	0.0024
-8.0	-74.0	0.0122	-0.0009	0.0006	0.0024
-8.0	-73.0	0.0121	-0.0019	0.0006	0.0023
-8.0	-72.0	0.0117	-0.0015	0.0014	0.0017
-8.0	-71.0	0.0118	-0.0021	0.0006	0.0005
-8.0	-70.0	0.0118	-0.0017	0.0006	0.0007
-8.0	-69.0	0.0118	-0.0018	0.0006	0.0007
-8.0	-68.0	0.0116	-0.0023	0.0004	0.0007
-8.0	-67.0	0.0115	-0.0023	0.0003	0.0008
-8.0	-66.0	0.0116	-0.0027	0.0003	0.0008
-8.0	-65.0	0.0117	-0.0030	0.0003	0.0006
-8.0	-64.0	0.0119	-0.0032	0.0003	0.0006
-8.0	-63.0	0.0122	-0.0034	0.0003	0.0002
-8.0	-62.0	0.0123	-0.0034	0.0003	0.0002
-8.0	-61.0	0.0125	-0.0033	0.0003	0.0002
-8.0	-60.0	0.0125	-0.0033	0.0004	0.0002
-8.0	-59.0	0.0125	-0.0034	0.0004	0.0002
-8.0	-58.0	0.0126	-0.0035	0.0003	0.0001
-8.0	-57.0	0.0126	-0.0035	0.0003	0.0001
-8.0	-56.0	0.0127	-0.0036	0.0003	0.0001
-8.0	-55.0	0.0131	-0.0037	0.0003	0.0002
-8.0	-54.0	0.0131	-0.0037	0.0003	0.0002
-8.0	-53.0	0.0127	-0.0035	0.0005	0.0003
-8.0	-52.0	0.0130	-0.0038	0.0001	0.0002
-8.0	-51.0	0.0131	-0.0038	0.0000	0.0002
-8.0	-50.0	0.0133	-0.0038	0.0003	0.0002
-8.0	-49.0	0.0132	-0.0041	0.0004	0.0004
-8.0	-48.0	0.0132	-0.0042	0.0004	0.0004
-8.0	-47.0	0.0132	-0.0042	0.0004	0.0004
-8.0	-46.0	0.0132	-0.0044	0.0004	0.0003
-8.0	-45.0	0.0131	-0.0044	0.0001	0.0004
-8.0	-44.0	0.0131	-0.0045	0.0001	0.0004
-8.0	-43.0	0.0131	-0.0045	0.0001	0.0005
-8.0	-42.0	0.0130	-0.0045	0.0001	0.0005
-8.0	-41.0	0.0130	-0.0046	0.0001	0.0004
-8.0	-40.0	0.0129	-0.0046	0.0001	0.0003
-8.0	-39.0	0.0130	-0.0044	0.0002	0.0002
-8.0	-38.0	0.0131	-0.0053	0.0002	0.0011
-8.0	-37.0	0.0130	-0.0053	0.0004	0.0011
-8.0	-36.0	0.0131	-0.0046	0.0011	0.0004
-8.0	-35.0	0.0130	-0.0046	0.0011	0.0004
-9.0	-79.0	0.0073	-0.0002	0.0009	0.0010
-9.0	-78.0	0.0082	0.0008	0.0026	0.0015
-9.0	-77.0	0.0099	0.0004	0.0025	0.0020
-9.0	-76.0	0.0125	0.0011	0.0004	0.0021
-9.0	-75.0	0.0125	0.0004	0.0004	0.0021
-9.0	-74.0	0.0123	-0.0004	0.0006	0.0021
-9.0	-73.0	0.0123	-0.0013	0.0006	0.0019
-9.0	-72.0	0.0124	-0.0014	0.0006	0.0019
-9.0	-71.0	0.0118	-0.0020	0.0006	0.0005
-9.0	-70.0	0.0118	-0.0019	0.0006	0.0005
-9.0	-69.0	0.0114	-0.0020	0.0004	0.0005
-9.0	-68.0	0.0114	-0.0022	0.0003	0.0008
-9.0	-67.0	0.0115	-0.0022	0.0003	0.0008
-9.0	-66.0	0.0115	-0.0023	0.0003	0.0008
-9.0	-65.0	0.0118	-0.0029	0.0003	0.0006
-9.0	-64.0	0.0120	-0.0032	0.0003	0.0005
-9.0	-63.0	0.0123	-0.0033	0.0003	0.0002
-9.0	-62.0	0.0124	-0.0032	0.0003	0.0002
-9.0	-61.0	0.0125	-0.0032	0.0003	0.0002
-9.0	-60.0	0.0125	-0.0033	0.0004	0.0002
-9.0	-59.0	0.0127	-0.0033	0.0004	0.0002
-9.0	-58.0	0.0129	-0.0034	0.0004	0.0003
-9.0	-57.0	0.0129	-0.0036	0.0004	0.0001
-9.0	-56.0	0.0130	-0.0036	0.0004	0.0001
-9.0	-55.0	0.0130	-0.0036	0.0004	0.0001
-9.0	-54.0	0.0132	-0.0038	0.0002	0.0001
-9.0	-53.0	0.0132	-0.0038	0.0002	0.0001
-9.0	-52.0	0.0131	-0.0037	0.0001	0.0002
-9.0	-51.0	0.0131	-0.0038	0.0000	0.0002
-9.0	-50.0	0.0131	-0.0038	0.0000	0.0002
-9.0	-49.0	0.0131	-0.0038	0.0000	0.0002
-9.0	-48.0	0.0130	-0.0041	0.0002	0.0004
-9.0	-47.0	0.0130	-0.0043	0.0001	0.0003
-9.0	-46.0	0.0130	-0.0043	0.0001	0.0003
-9.0	-45.0	0.0131	-0.0046	0.0001	0.0002
-9.0	-44.0	0.0131	-0.0044	0.0001	0.0004
-9.0	-43.0	0.0131	-0.0045	0.0001	0.0004
-9.0	-42.0	0.0130	-0.0045	0.0001	0.0004
-9.0	-41.0	0.0130	-0.0045	0.0001	0.0003
-9.0	-40.0	0.0129	-0.0046	0.0001	0.0003
-9.0	-39.0	0.0130	-0.0045	0.0002	0.0003
-9.0	-38.0	0.0130	-0.0044	0.0002	0.0002
-9.0	-37.0	0.0130	-0.0045	0.0002	0.0002
-9.0	-36.0	0.0127	-0.0045	0.0002	0.0002
-9.0	-35.0	0.0132	-0.0044	0.0008	0.0003
-10.0	-79.0	0.0111	0.0052	0.0030	0.0073
-10.0	-78.0	0.0119	0.0090	0.0028	0.0081
-10.0	-77.0	0.0121	0.0088	0.0025	0.0079
-10.0	-76.0	0.0128	0.0053	0.0008	0.0073
-10.0	-75.0	0.0127	0.0012	0.0004	0.0021
-10.0	-74.0	0.0127	0.0010	0.0004	0.0022
-10.0	-73.0	0.0123	-0.0008	0.0006	0.0019
-10.0	-72.0	0.0122	0.0011	0.0005	0.0030
-10.0	-71.0	0.0115	-0.0004	0.0004	0.0021
-10.0	-70.0	0.0116	-0.0004	0.0004	0.0021
-10.0	-69.0	0.0113	-0.0018	0.0004	0.0005
-10.0	-68.0	0.0114	-0.0021	0.0003	0.0008
-10.0	-67.0	0.0115	-0.0021	0.0003	0.0008
-10.0	-66.0	0.0115	-0.0022	0.0003	0.0008
-10.0	-65.0	0.0116	-0.0022	0.0003	0.0008
-10.0	-64.0	0.0121	-0.0026	0.0005	0.0006
-10.0	-63.0	0.0122	-0.0029	0.0005	0.0005
-10.0	-62.0	0.0125	-0.0030	0.0003	0.0002
-10.0	-61.0	0.0123	-0.0033	0.0003	0.0002
-10.0	-60.0	0.0124	-0.0033	0.0004	0.0003
-10.0	-59.0	0.0125	-0.0033	0.0004	0.0003
-10.0	-58.0	0.0128	-0.0035	0.0004	0.0001
-10.0	-57.0	0.0129	-0.0035	0.0004	0.0001
-10.0	-56.0	0.0130	-0.0035	0.0004	0.0001
-10.0	-55.0	0.0131	-0.0038	0.0005	0.0003
-10.0	-54.0	0.0132	-0.0037	0.0002	0.0001
-10.0	-53.0	0.0135	-0.0034	0.0006	0.0008
-10.0	-52.0	0.0133	-0.0033	0.0006	0.0007
-10.0	-51.0	0.0131	-0.0037	0.0000	0.0002
-10.0	-50.0	0.0131	-0.0038	0.0000	0.0002
-10.0	-49.0	0.0131	-0.0038	0.0000	0.0002
-10.0	-48.0	0.0131	-0.0039	0.0001	0.0002
-10.0	-47.0	0.0130	-0.0041	0.0001	0.0004
-10.0	-46.0	0.0130	-0.0041	0.0001	0.0004
-10.0	-45.0	0.0132	-0.0042	0.0001	0.0004
-10.0	-44.0	0.0132	-0.0042	0.0001	0.0004
-10.0	-43.0	0.0132	-0.0044	0.0000	0.0002
-10.0	-42.0	0.0131	-0.0045	0.0000	0.0002
-10.0	-41.0	0.0130	-0.0046	0.0001	0.0002
-10.0	-40.0	0.0130	-0.0047	0.0001	0.0002
-10.0	-39.0	0.0129	-0.0048	0.0002	0.0001
-10.0	-38.0	0.0128	-0.0045	0.0001	0.0003
-10.0	-37.0	0.0129	-0.0045	0.0001	0.0002
-10.0	-36.0	0.0128	-0.0045	0.0001	0.0002
-11.0	-78.0	0.0119	0.0109	0.0028	0.0081
-11.0	-77.0	0.0136	0.0136	0.0006	0.0072
-11.0	-76.0	0.0132	0.0077	0.0007	0.0075
-11.0	-75.0	0.0127	0.0040	0.0003	0.0021
-11.0	-74.0	0.0128	0.0042	0.0003	0.0023
-11.0	-73.0	0.0123	0.0045	0.0005	0.0022
-11.0	-72.0	0.0124	0.0045	0.0005	0.0022
-11.0	-71.0	0.0117	0.0024	0.0006	0.0028
-11.0	-70.0	0.0118	0.0024	0.0006	0.0028
-11.0	-69.0	0.0114	-0.0003	0.0004	0.0017
-11.0	-68.0	0.0115	-0.0011	0.0005	0.0021
-11.0	-67.0	0.0115	-0.0020	0.0003	0.0008
-11.0	-66.0	0.0115	-0.0021	0.0003	0.0008
-11.0	-65.0	0.0116	-0.0019	0.0004	0.0006
-11.0	-64.0	0.0121	-0.0026	0.0005	0.0006
-11.0	-63.0	0.0122	-0.0026	0.0005	0.0006
-11.0	-62.0	0.0124	-0.0031	0.0004	0.0003
-11.0	-61.0	0.0123	-0.0032	0.0004	0.0003
-11.0	-60.0	0.0124	-0.0032	0.0004	0.0003
-11.0	-59.0	0.0124	-0.0033	0.0004	0.0003
-11.0	-58.0	0.0127	-0.0034	0.0004	0.0001
-11.0	-57.0	0.0129	-0.0034	0.0004	0.0001
-11.0	-56.0	0.0131	-0.0037	0.0004	0.0003
-11.0	-55.0	0.0134	-0.0038	0.0003	0.0003
-11.0	-54.0	0.0136	-0.0033	0.0005	0.0008
-11.0	-53.0	0.0136	-0.0031	0.0007	0.0008
-11.0	-52.0	0.0135	-0.0031	0.0007	0.0008
-11.0	-51.0	0.0131	-0.0037	0.0000	0.0002
-11.0	-50.0	0.0131	-0.0037	0.0000	0.0002
-11.0	-49.0	0.0131	-0.0038	0.0000	0.0002
-11.0	-48.0	0.0131	-0.0038	0.0000	0.0002
-11.0	-47.0	0.0131	-0.0039	0.0001	0.0003
-11.0	-46.0	0.0131	-0.0039	0.0001	0.0002
-11.0	-45.0	0.0130	-0.0039	0.0003	0.0002
-11.0	-44.0	0.0130	-0.0041	0.0003	0.0002
-11.0	-43.0	0.0131	-0.0042	0.0003	0.0003
-11.0	-42.0	0.0130	-0.0046	0.0002	0.0002
-11.0	-41.0	0.0129	-0.0045	0.0002	0.0002
-11.0	-40.0	0.0129	-0.0046	0.0002	0.0002
-11.0	-39.0	0.0127	-0.0043	0.0003	0.0004
-11.0	-38.0	0.0128	-0.0045	0.0001	0.0003
-11.0	-37.0	0.0127	-0.0047	0.0001	0.0002
-12.0	-78.0	0.0134	0.0127	0.0007	0.0078
-12.0	-77.0	0.0139	0.0170	0.0006	0.0062
-12.0	-76.0	0.0136	0.0132	0.0007	0.0078
-12.0	-75.0	0.0132	0.0100	0.0009	0.0071
-12.0	-74.0	0.0125	0.0052	0.0003	0.0023
-12.0	-73.0	0.0121	0.0054	0.0004	0.0020
-12.0	-72.0	0.0122	0.0054	0.0004	0.0020
-12.0	-71.0	0.0119	0.0027	0.0006	0.0024
-12.0	-70.0	0.0118	0.0025	0.0006	0.0028
-12.0	-69.0	0.0119	0.0012	0.0006	0.0018
-12.0	-68.0	0.0116	-0.0001	0.0007	0.0020
-12.0	-67.0	0.0115	-0.0019	0.0003	0.0008
-12.0	-66.0	0.0117	-0.0020	0.0005	0.0007
-12.0	-65.0	0.0118	-0.0020	0.0005	0.0007
-12.0	-64.0	0.0121	-0.0025	0.0005	0.0006
-12.0	-63.0	0.0120	-0.0026	0.0006	0.0006
-12.0	-62.0	0.0122	-0.0031	0.0004	0.0003
-12.0	-61.0	0.0123	-0.0031	0.0004	0.0003
-12.0	-60.0	0.0124	-0.0031	0.0004	0.0003
-12.0	-59.0	0.0123	-0.0033	0.0006	0.0004
-12.0	-58.0	0.0127	-0.0035	0.0005	0.0003
-12.0	-57.0	0.0131	-0.0036	0.0005	0.0003
-12.0	-56.0	0.0134	-0.0037	0.0003	0.0003
-12.0	-55.0	0.0134	-0.0038	0.0003	0.0003
-12.0	-54.0	0.0137	-0.0030	0.0005	0.0008
-12.0	-53.0	0.0134	-0.0034	0.0006	0.0008
-12.0	-52.0	0.0134	-0.0032	0.0008	0.0009
-12.0	-51.0	0.0134	-0.0033	0.0006	0.0007
-12.0	-50.0	0.0131	-0.0037	0.0000	0.0002
-12.0	-49.0	0.0131	-0.0037	0.0000	0.0002
-12.0	-48.0	0.0131	-0.0038	0.0001	0.0002
-12.0	-47.0	0.0132	-0.0036	0.0000	0.0002
-12.0	-46.0	0.0129	-0.0039	0.0003	0.0002
-12.0	-45.0	0.0130	-0.0039	0.0003	0.0002
-12.0	-44.0	0.0130	-0.0040	0.0003	0.0002
-12.0	-43.0	0.0130	-0.0040	0.0004	0.0002
-12.0	-42.0	0.0127	-0.0043	0.0003	0.0000
-12.0	-41.0	0.0128	-0.0042	0.0003	0.0004
-12.0	-40.0	0.0127	-0.0042	0.0003	0.0003
-12.0	-39.0	0.0127	-0.0041	0.0004	0.0003
-12.0	-38.0	0.0127	-0.0042	0.0004	0.0003
-12.0	-37.0	0.0127	-0.0044	0.0003	0.0003
-13.0	-77.0	0.0141	0.0179	0.0001	0.0016
-13.0	-76.0	0.0135	0.0140	0.0010	0.0045
-13.0	-75.0	0.0132	0.0085	0.0010	0.0054
-13.0	-74.0	0.0128	0.0083	0.0012	0.0043
-13.0	-73.0	0.0121	0.0055	0.0004	0.0020
-13.0	-72.0	0.0124	0.0056	0.0010	0.0036
-13.0	-71.0	0.0122	0.0040	0.0003	0.0014
-13.0	-70.0	0.0123	0.0040	0.0003	0.0014
-13.0	-69.0	0.0120	0.0018	0.0006	0.0018
-13.0	-68.0	0.0121	0.0003	0.0008	0.0016
-13.0	-67.0	0.0121	-0.0003	0.0009	0.0011
-13.0	-66.0	0.0120	-0.0005	0.0009	0.0011
-13.0	-65.0	0.0118	-0.0017	0.0006	0.0005
-13.0	-64.0	0.0119	-0.0025	0.0006	0.0006
-13.0	-63.0	0.0120	-0.0025	0.0006	0.0006
-13.0	-62.0	0.0120	-0.0029	0.0006	0.0003
-13.0	-61.0	0.0120	-0.0029	0.0005	0.0003
-13.0	-60.0	0.0119	-0.0031	0.0002	0.0002
-13.0	-59.0	0.0121	-0.0032	0.0004	0.0003
-13.0	-58.0	0.0131	-0.0036	0.0006	0.0004
-13.0	-57.0	0.0132	-0.0036	0.0006	0.0004
-13.0	-56.0	0.0134	-0.0037	0.0003	0.0003
-13.0	-55.0	0.0134	-0.0037	0.0003	0.0003
-13.0	-54.0	0.0140	-0.0032	0.0004	0.0010
-13.0	-53.0	0.0134	-0.0032	0.0007	0.0008
-13.0	-52.0	0.0134	-0.0032	0.0008	0.0009
-13.0	-51.0	0.0134	-0.0032	0.0007	0.0008
-13.0	-50.0	0.0131	-0.0037	0.0001	0.0002
-13.0	-49.0	0.0131	-0.0037	0.0001	0.0002
-13.0	-48.0	0.0130	-0.0037	0.0003	0.0002
-13.0	-47.0	0.0131	-0.0036	0.0001	0.0002
-13.0	-46.0	0.0129	-0.0039	0.0003	0.0002
-13.0	-45.0	0.0129	-0.0040	0.0003	0.0002
-13.0	-44.0	0.0128	-0.0040	0.0004	0.0002
-13.0	-43.0	0.0130	-0.0040	0.0004	0.0002
-13.0	-42.0	0.0127	-0.0043	0.0003	0.0000
-13.0	-41.0	0.0127	-0.0041	0.0003	0.0003
-13.0	-40.0	0.0127	-0.0042	0.0003	0.0003
-13.0	-39.0	0.0127	-0.0041	0.0004	0.0003
-13.0	-38.0	0.0127	-0.0042	0.0004	0.0003
-14.0	-77.0	0.0141	0.0179	0.0001	0.0016
-14.0	-76.0	0.0138	0.0161	0.0009	0.0045
-14.0	-75.0	0.0136	0.0119	0.0010	0.0032
-14.0	-74.0	0.0128	0.0087	0.0008	0.0025
-14.0	-73.0	0.0125	0.0066	0.0009	0.0034
-14.0	-72.0	0.0123	0.0056	0.0010	0.0035
-14.0	-71.0	0.0122	0.0042	0.0003	0.0014
-14.0	-70.0	0.0123	0.0041	0.0003	0.0014
-14.0	-69.0	0.0129	0.0020	0.0002	0.0010
-14.0	-68.0	0.0130	0.0019	0.0002	0.0010
-14.0	-67.0	0.0127	0.0012	0.0008	0.0015
-14.0	-66.0	0.0123	-0.0002	0.0002	0.0002
-14.0	-65.0	0.0127	0.0005	0.0009	0.0012
-14.0	-64.0	0.0119	-0.0024	0.0006	0.0006
-14.0	-63.0	0.0120	-0.0027	0.0006	0.0003
-14.0	-62.0	0.0119	-0.0030	0.0004	0.0003
-14.0	-61.0	0.0120	-0.0030	0.0004	0.0003
-14.0	-60.0	0.0121	-0.0031	0.0004	0.0003
-14.0	-59.0	0.0121	-0.0031	0.0004	0.0003
-14.0	-58.0	0.0127	-0.0035	0.0007	0.0004
-14.0	-57.0	0.0131	-0.0036	0.0006	0.0004
-14.0	-56.0	0.0134	-0.0037	0.0005	0.0004
-14.0	-55.0	0.0133	-0.0039	0.0005	0.0002
-14.0	-54.0	0.0133	-0.0031	0.0009	0.0010
-14.0	-53.0	0.0134	-0.0036	0.0008	0.0011
-14.0	-52.0	0.0136	-0.0035	0.0008	0.0012
-14.0	-51.0	0.0134	-0.0032	0.0009	0.0009
-14.0	-50.0	0.0133	-0.0033	0.0007	0.0007
-14.0	-49.0	0.0128	-0.0036	0.0003	0.0001
-14.0	-48.0	0.0128	-0.0036	0.0003	0.0002
-14.0	-47.0	0.0128	-0.0037	0.0003	0.0000
-14.0	-46.0	0.0127	-0.0038	0.0004	0.0002
-14.0	-45.0	0.0128	-0.0039	0.0004	0.0002
-14.0	-44.0	0.0128	-0.0039	0.0004	0.0002
-14.0	-43.0	0.0125	-0.0040	0.0000	0.0003
-14.0	-42.0	0.0125	-0.0041	0.0001	0.0002
-14.0	-41.0	0.0129	-0.0039	0.0006	0.0002
-14.0	-40.0	0.0129	-0.0040	0.0006	0.0002
-14.0	-39.0	0.0130	-0.0040	0.0005	0.0003
-15.0	-76.0	0.0134	0.0121	0.0010	0.0032
-15.0	-75.0	0.0136	0.0121	0.0010	0.0032
-15.0	-74.0	0.0136	0.0115	0.0011	0.0039
-15.0	-73.0	0.0129	0.0082	0.0010	0.0037
-15.0	-72.0	0.0120	0.0054	0.0000	0.0004
-15.0	-71.0	0.0125	0.0062	0.0000	0.0017
-15.0	-70.0	0.0126	0.0061	0.0000	0.0017
-15.0	-69.0	0.0129	0.0021	0.0002	0.0010
-15.0	-68.0	0.0130	0.0020	0.0002	0.0010
-15.0	-67.0	0.0132	0.0015	0.0001	0.0003
-15.0	-66.0	0.0132	0.0014	0.0001	0.0003
-15.0	-65.0	0.0129	0.0007	0.0006	0.0013
-15.0	-64.0	0.0121	-0.0012	0.0007	0.0018
-15.0	-63.0	0.0117	-0.0024	0.0002	0.0006
-15.0	-62.0	0.0119	-0.0029	0.0004	0.0003
-15.0	-61.0	0.0120	-0.0030	0.0004	0.0003
-15.0	-60.0	0.0120	-0.0030	0.0004	0.0003
-15.0	-59.0	0.0122	-0.0032	0.0004	0.0003
-15.0	-58.0	0.0123	-0.0032	0.0004	0.0003
-15.0	-57.0	0.0129	-0.0035	0.0006	0.0004
-15.0	-56.0	0.0128	-0.0035	0.0005	0.0004
-15.0	-55.0	0.0130	-0.0037	0.0006	0.0004
-15.0	-54.0	0.0130	-0.0041	0.0005	0.0004
-15.0	-53.0	0.0130	-0.0041	0.0005	0.0004
-15.0	-52.0	0.0136	-0.0035	0.0008	0.0012
-15.0	-51.0	0.0135	-0.0035	0.0008	0.0011
-15.0	-50.0	0.0128	-0.0038	0.0003	0.0001
-15.0	-49.0	0.0128	-0.0037	0.0003	0.0000
-15.0	-48.0	0.0128	-0.0038	0.0003	0.0000
-15.0	-47.0	0.0128	-0.0039	0.0003	0.0000
-15.0	-46.0	0.0128	-0.0039	0.0004	0.0001
-15.0	-45.0	0.0129	-0.0040	0.0004	0.0001
-15.0	-44.0	0.0129	-0.0040	0.0004	0.0001
-15.0	-43.0	0.0129	-0.0041	0.0004	0.0001
-15.0	-42.0	0.0124	-0.0040	0.0000	0.0003
-15.0	-41.0	0.0128	-0.0041	0.0005	0.0003
-15.0	-40.0	0.0128	-0.0041	0.0005	0.0003
-15.0	-39.0	0.0128	-0.0040	0.0006	0.0003
-16.0	-75.0	0.0128	0.0097	0.0010	0.0033
-16.0	-74.0	0.0134	0.0115	0.0011	0.0033
-16.0	-73.0	0.0129	0.0092	0.0009	0.0023
-16.0	-72.0	0.0124	0.0063	0.0000	0.0017
-16.0	-71.0	0.0125	0.0063	0.0000	0.0017
-16.0	-70.0	0.0126	0.0062	0.0000	0.0017
-16.0	-69.0	0.0129	0.0022	0.0002	0.0010
-16.0	-68.0	0.0129	0.0023	0.0003	0.0010
-16.0	-67.0	0.0132	0.0016	0.0001	0.0003
-16.0	-66.0	0.0130	0.0020	0.0004	0.0009
-16.0	-65.0	0.0124	0.0015	0.0005	0.0020
-16.0	-64.0	0.0135	0.0028	0.0014	0.0040
-16.0	-63.0	0.0126	-0.0007	0.0013	0.0038
-16.0	-62.0	0.0119	-0.0024	0.0004	0.0005
-16.0	-61.0	0.0120	-0.0025	0.0004	0.0005
-16.0	-60.0	0.0122	-0.0030	0.0004	0.0003
-16.0	-59.0	0.0122	-0.0031	0.0004	0.0003
-16.0	-58.0	0.0126	-0.0033	0.0001	0.0002
-16.0	-57.0	0.0125	-0.0032	0.0001	0.0002
-16.0	-56.0	0.0126	-0.0034	0.0001	0.0003
-16.0	-55.0	0.0126	-0.0034	0.0001	0.0003
-16.0	-54.0	0.0131	-0.0037	0.0004	0.0005
-16.0	-53.0	0.0130	-0.0041	0.0005	0.0004
-16.0	-52.0	0.0129	-0.0039	0.0006	0.0005
-16.0	-51.0	0.0132	-0.0041	0.0004	0.0005
-16.0	-50.0	0.0128	-0.0036	0.0003	0.0000
-16.0	-49.0	0.0128	-0.0037	0.0003	0.0000
-16.0	-48.0	0.0128	-0.0038	0.0003	0.0000
-16.0	-47.0	0.0128	-0.0038	0.0003	0.0000
-16.0	-46.0	0.0128	-0.0039	0.0004	0.0001
-16.0	-45.0	0.0129	-0.0039	0.0004	0.0001
-16.0	-44.0	0.0129	-0.0040	0.0004	0.0001
-16.0	-43.0	0.0126	-0.0040	0.0006	0.0003
-16.0	-42.0	0.0128	-0.0039	0.0004	0.0002
-16.0	-41.0	0.0122	-0.0042	0.0004	0.0004
-16.0	-40.0	0.0129	-0.0041	0.0006	0.0003
-16.0	-39.0	0.0129	-0.0041	0.0006	0.0003
-17.0	-73.0	0.0129	0.0093	0.0009	0.0023
-17.0	-72.0	0.0124	0.0086	0.0000	0.0013
-17.0	-71.0	0.0125	0.0085	0.0000	0.0013
-17.0	-70.0	0.0127	0.0082	0.0002	0.0026
-17.0	-69.0	0.0129	0.0045	0.0002	0.0041
-17.0	-68.0	0.0128	0.0022	0.0004	0.0010
-17.0	-67.0	0.0129	0.0024	0.0004	0.0009
-17.0	-66.0	0.0134	0.0036	0.0009	0.0023
-17.0	-65.0	0.0134	0.0030	0.0014	0.0040
-17.0	-64.0	0.0135	0.0029	0.0014	0.0040
-17.0	-63.0	0.0136	0.0028	0.0014	0.0040
-17.0	-62.0	0.0119	-0.0023	0.0004	0.0005
-17.0	-61.0	0.0120	-0.0024	0.0004	0.0005
-17.0	-60.0	0.0122	-0.0030	0.0004	0.0003
-17.0	-59.0	0.0122	-0.0030	0.0004	0.0003
-17.0	-58.0	0.0124	-0.0032	0.0003	0.0002
-17.0	-57.0	0.0125	-0.0031	0.0001	0.0002
-17.0	-56.0	0.0126	-0.0032	0.0002	0.0002
-17.0	-55.0	0.0127	-0.0034	0.0001	0.0002
-17.0	-54.0	0.0130	-0.0036	0.0004	0.0004
-17.0	-53.0	0.0130	-0.0037	0.0006	0.0006
-17.0	-52.0	0.0130	-0.0038	0.0006	0.0006
-17.0	-51.0	0.0131	-0.0038	0.0006	0.0005
-17.0	-50.0	0.0127	-0.0035	0.0004	0.0000
-17.0	-49.0	0.0127	-0.0038	0.0004	0.0002
-17.0	-48.0	0.0127	-0.0038	0.0004	0.0002
-17.0	-47.0	0.0127	-0.0039	0.0003	0.0002
-17.0	-46.0	0.0129	-0.0039	0.0004	0.0002
-17.0	-45.0	0.0130	-0.0039	0.0004	0.0001
-17.0	-44.0	0.0126	-0.0041	0.0007	0.0001
-17.0	-43.0	0.0126	-0.0042	0.0007	0.0001
-17.0	-42.0	0.0127	-0.0041	0.0007	0.0001
-17.0	-41.0	0.0125	-0.0044	0.0007	0.0001
-17.0	-40.0	0.0125	-0.0044	0.0007	0.0001
-17.0	-39.0	0.0132	-0.0043	0.0005	0.0003
-18.0	-72.0	0.0125	0.0096	0.0002	0.0018
-18.0	-71.0	0.0126	0.0096	0.0002	0.0018
-18.0	-70.0	0.0127	0.0100	0.0003	0.0017
-18.0	-69.0	0.0130	0.0065	0.0002	0.0047
-18.0	-68.0	0.0131	0.0030	0.0006	0.0014
-18.0	-67.0	0.0131	0.0032	0.0007	0.0010
-18.0	-66.0	0.0131	0.0035	0.0007	0.0011
-18.0	-65.0	0.0136	0.0037	0.0013	0.0035
-18.0	-64.0	0.0135	0.0030	0.0014	0.0040
-18.0	-63.0	0.0136	0.0028	0.0014	0.0040
-18.0	-62.0	0.0130	0.0015	0.0018	0.0047
-18.0	-61.0	0.0119	-0.0023	0.0004	0.0006
-18.0	-60.0	0.0121	-0.0026	0.0004	0.0006
-18.0	-59.0	0.0118	-0.0029	0.0005	0.0002
-18.0	-58.0	0.0119	-0.0030	0.0005	0.0002
-18.0	-57.0	0.0119	-0.0031	0.0005	0.0001
-18.0	-56.0	0.0120	-0.0031	0.0005	0.0001
-18.0	-55.0	0.0124	-0.0032	0.0006	0.0001
-18.0	-54.0	0.0129	-0.0031	0.0005	0.0005
-18.0	-53.0	0.0130	-0.0036	0.0006	0.0006
-18.0	-52.0	0.0130	-0.0037	0.0006	0.0006
-18.0	-51.0	0.0128	-0.0036	0.0005	0.0005
-18.0	-50.0	0.0127	-0.0037	0.0004	0.0002
-18.0	-49.0	0.0128	-0.0037	0.0004	0.0002
-18.0	-48.0	0.0127	-0.0039	0.0003	0.0002
-18.0	-47.0	0.0127	-0.0039	0.0003	0.0002
-18.0	-46.0	0.0129	-0.0038	0.0001	0.0002
-18.0	-45.0	0.0131	-0.0039	0.0003	0.0001
-18.0	-44.0	0.0131	-0.0040	0.0003	0.0002
-18.0	-43.0	0.0128	-0.0040	0.0007	0.0001
-18.0	-42.0	0.0127	-0.0042	0.0007	0.0001
-18.0	-41.0	0.0126	-0.0044	0.0006	0.0002
-18.0	-40.0	0.0125	-0.0044	0.0007	0.0001
-18.0	-39.0	0.0125	-0.0045	0.0007	0.0001
-19.0	-71.0	0.0133	0.0132	0.0009	0.0029
-19.0	-70.0	0.0134	0.0132	0.0009	0.0029
-19.0	-69.0	0.0136	0.0132	0.0009	0.0029
-19.0	-68.0	0.0140	0.0064	0.0017	0.0028
-19.0	-67.0	0.0140	0.0061	0.0014	0.0022
-19.0	-66.0	0.0138	0.0062	0.0012	0.0019
-19.0	-65.0	0.0141	0.0051	0.0009	0.0026
-19.0	-64.0	0.0137	0.0036	0.0013	0.0035
-19.0	-63.0	0.0133	0.0022	0.0016	0.0043
-19.0	-62.0	0.0133	0.0021	0.0016	0.0043
-19.0	-61.0	0.0125	-0.0007	0.0013	0.0038
-19.0	-60.0	0.0118	-0.0027	0.0003	0.0007
-19.0	-59.0	0.0116	-0.0033	0.0002	0.0006
-19.0	-58.0	0.0118	-0.0031	0.0002	0.0006
-19.0	-57.0	0.0117	-0.0029	0.0002	0.0002
-19.0	-56.0	0.0118	-0.0030	0.0002	0.0002
-19.0	-55.0	0.0124	-0.0027	0.0009	0.0005
-19.0	-54.0	0.0130	-0.0027	0.0006	0.0004
-19.0	-53.0	0.0128	-0.0030	0.0006	0.0004
-19.0	-52.0	0.0124	-0.0034	0.0001	0.0001
-19.0	-51.0	0.0125	-0.0034	0.0001	0.0001
-19.0	-50.0	0.0126	-0.0036	0.0002	0.0002
-19.0	-49.0	0.0127	-0.0038	0.0003	0.0002
-19.0	-48.0	0.0127	-0.0038	0.0003	0.0001
-19.0	-47.0	0.0129	-0.0037	0.0001	0.0002
-19.0	-46.0	0.0129	-0.0039	0.0001	0.0001
-19.0	-45.0	0.0129	-0.0040	0.0001	0.0002
-19.0	-44.0	0.0127	-0.0043	0.0004	0.0007
-19.0	-43.0	0.0129	-0.0041	0.0001	0.0002
-19.0	-42.0	0.0127	-0.0042	0.0007	0.0001
-19.0	-41.0	0.0127	-0.0043	0.0007	0.0001
-19.0	-40.0	0.0129	-0.0043	0.0004	0.0002
-19.0	-39.0	0.0129	-0.0044	0.0004	0.0002
-20.0	-71.0	0.0135	0.0140	0.0009	0.0029
-20.0	-70.0	0.0140	0.0153	0.0008	0.0026
-20.0	-69.0	0.0147	0.0133	0.0012	0.0029
-20.0	-68.0	0.0150	0.0111	0.0010	0.0050
-20.0	-67.0	0.0152	0.0081	0.0010	0.0022
-20.0	-66.0	0.0152	0.0080	0.0010	0.0022
-20.0	-65.0	0.0153	0.0079	0.0010	0.0022
-20.0	-64.0	0.0132	0.0024	0.0016	0.0043
-20.0	-63.0	0.0133	0.0023	0.0016	0.0043
-20.0	-62.0	0.0133	0.0022	0.0016	0.0043
-20.0	-61.0	0.0120	-0.0019	0.0003	0.0012
-20.0	-60.0	0.0116	-0.0031	0.0002	0.0006
-20.0	-59.0	0.0116	-0.0032	0.0002	0.0006
-20.0	-58.0	0.0117	-0.0033	0.0002	0.0006
-20.0	-57.0	0.0117	-0.0028	0.0002	0.0002
-20.0	-56.0	0.0124	-0.0026	0.0009	0.0005
-20.0	-55.0	0.0126	-0.0028	0.0007	0.0006
-20.0	-54.0	0.0127	-0.0029	0.0007	0.0006
-20.0	-53.0	0.0129	-0.0026	0.0006	0.0004
-20.0	-52.0	0.0124	-0.0032	0.0001	0.0002
-20.0	-51.0	0.0126	-0.0035	0.0001	0.0002
-20.0	-50.0	0.0126	-0.0037	0.0001	0.0002
-20.0	-49.0	0.0125	-0.0036	0.0002	0.0002
-20.0	-48.0	0.0126	-0.0037	0.0002	0.0002
-20.0	-47.0	0.0128	-0.0038	0.0001	0.0001
-20.0	-46.0	0.0127	-0.0038	0.0001	0.0001
-20.0	-45.0	0.0128	-0.0039	0.0001	0.0001
-20.0	-44.0	0.0127	-0.0044	0.0004	0.0006
-20.0	-43.0	0.0125	-0.0047	0.0004	0.0007
-20.0	-42.0	0.0125	-0.0046	0.0005	0.0009
-20.0	-41.0	0.0131	-0.0040	0.0002	0.0001
-20.0	-40.0	0.0129	-0.0042	0.0003	0.0002
-21.0	-71.0	0.0134	0.0139	0.0009	0.0029
-21.0	-70.0	0.0143	0.0129	0.0013	0.0028
-21.0	-69.0	0.0147	0.0133	0.0012	0.0029
-21.0	-68.0	0.0150	0.0112	0.0010	0.0050
-21.0	-67.0	0.0145	0.0083	0.0014	0.0022
-21.0	-66.0	0.0150	0.0094	0.0013	0.0007
-21.0	-65.0	0.0139	0.0064	0.0018	0.0045
-21.0	-64.0	0.0135	0.0058	0.0013	0.0042
-21.0	-63.0	0.0136	0.0057	0.0013	0.0042
-21.0	-62.0	0.0118	-0.0020	0.0005	0.0019
-21.0	-61.0	0.0118	-0.0030	0.0005	0.0019
-21.0	-60.0	0.0121	-0.0028	0.0004	0.0007
-21.0	-59.0	0.0121	-0.0029	0.0004	0.0007
-21.0	-58.0	0.0123	-0.0031	0.0004	0.0007
-21.0	-57.0	0.0123	-0.0032	0.0004	0.0007
-21.0	-56.0	0.0122	-0.0029	0.0002	0.0003
-21.0	-55.0	0.0126	-0.0027	0.0007	0.0006
-21.0	-54.0	0.0126	-0.0028	0.0009	0.0006
-21.0	-53.0	0.0125	-0.0028	0.0009	0.0005
-21.0	-52.0	0.0123	-0.0031	0.0001	0.0001
-21.0	-51.0	0.0125	-0.0033	0.0001	0.0003
-21.0	-50.0	0.0126	-0.0034	0.0001	0.0003
-21.0	-49.0	0.0126	-0.0034	0.0002	0.0002
-21.0	-48.0	0.0126	-0.0037	0.0001	0.0000
-21.0	-47.0	0.0126	-0.0037	0.0001	0.0000
-21.0	-46.0	0.0128	-0.0037	0.0002	0.0000
-21.0	-45.0	0.0128	-0.0039	0.0001	0.0001
-21.0	-44.0	0.0125	-0.0045	0.0003	0.0006
-21.0	-43.0	0.0124	-0.0049	0.0004	0.0006
-21.0	-42.0	0.0122	-0.0049	0.0003	0.0006
-21.0	-41.0	0.0123	-0.0047	0.0004	0.0008
-21.0	-40.0	0.0128	-0.0043	0.0004	0.0002
-22.0	-71.0	0.0134	0.0138	0.0009	0.0029
-22.0	-70.0	0.0146	0.0136	0.0012	0.0030
-22.0	-69.0	0.0147	0.0126	0.0013	0.0033
-22.0	-68.0	0.0148	0.0125	0.0013	0.0033
-22.0	-67.0	0.0133	0.0061	0.0020	0.0041
-22.0	-66.0	0.0138	0.0065	0.0017	0.0043
-22.0	-65.0	0.0136	0.0056	0.0018	0.0043
-22.0	-64.0	0.0129	0.0058	0.0018	0.0041
-22.0	-63.0	0.0123	0.0015	0.0009	0.0055
-22.0	-62.0	0.0123	0.0014	0.0009	0.0055
-22.0	-61.0	0.0118	-0.0029	0.0005	0.0019
-22.0	-60.0	0.0121	-0.0027	0.0005	0.0016
-22.0	-59.0	0.0122	-0.0029	0.0004	0.0007
-22.0	-58.0	0.0123	-0.0032	0.0004	0.0006
-22.0	-57.0	0.0123	-0.0030	0.0004	0.0007
-22.0	-56.0	0.0124	-0.0029	0.0004	0.0003
-22.0	-55.0	0.0119	-0.0031	0.0002	0.0002
-22.0	-54.0	0.0116	-0.0032	0.0004	0.0001
-22.0	-53.0	0.0117	-0.0031	0.0004	0.0002
-22.0	-52.0	0.0121	-0.0031	0.0003	0.0002
-22.0	-51.0	0.0125	-0.0030	0.0002	0.0000
-22.0	-50.0	0.0126	-0.0032	0.0003	0.0004
-22.0	-49.0	0.0126	-0.0032	0.0001	0.0003
-22.0	-48.0	0.0126	-0.0038	0.0002	0.0002
-22.0	-47.0	0.0133	-0.0034	0.0008	0.0004
-22.0	-46.0	0.0143	-0.0039	0.0019	0.0002
-22.0	-45.0	0.0128	-0.0038	0.0001	0.0000
-22.0	-44.0	0.0134	-0.0030	0.0011	0.0017
-22.0	-43.0	0.0134	-0.0030	0.0011	0.0017
-22.0	-42.0	0.0123	-0.0045	0.0001	0.0002
-22.0	-41.0	0.0124	-0.0046	0.0003	0.0006
-23.0	-71.0	0.0153	0.0147	0.0027	0.0048
-23.0	-70.0	0.0146	0.0128	0.0013	0.0034
-23.0	-69.0	0.0147	0.0127	0.0013	0.0034
-23.0	-68.0	0.0135	0.0082	0.0021	0.0027
-23.0	-67.0	0.0136	0.0081	0.0021	0.0027
-23.0	-66.0	0.0122	0.0045	0.0008	0.0037
-23.0	-65.0	0.0123	0.0045	0.0008	0.0037
-23.0	-64.0	0.0124	0.0044	0.0008	0.0037
-23.0	-63.0	0.0123	0.0016	0.0009	0.0055
-23.0	-62.0	0.0121	0.0021	0.0009	0.0049
-23.0	-61.0	0.0118	-0.0028	0.0005	0.0019
-23.0	-60.0	0.0120	-0.0035	0.0005	0.0010
-23.0	-59.0	0.0120	-0.0035	0.0005	0.0010
-23.0	-58.0	0.0122	-0.0029	0.0004	0.0006
-23.0	-57.0	0.0122	-0.0031	0.0004	0.0006
-23.0	-56.0	0.0122	-0.0028	0.0005	0.0002
-23.0	-55.0	0.0115	-0.0030	0.0004	0.0001
-23.0	-54.0	0.0115	-0.0028	0.0004	0.0005
-23.0	-53.0	0.0121	-0.0032	0.0005	0.0001
-23.0	-52.0	0.0121	-0.0032	0.0005	0.0002
-23.0	-51.0	0.0123	-0.0030	0.0003	0.0004
-23.0	-50.0	0.0121	-0.0029	0.0003	0.0003
-23.0	-49.0	0.0121	-0.0029	0.0003	0.0003
-23.0	-48.0	0.0131	-0.0035	0.0008	0.0006
-23.0	-47.0	0.0139	-0.0037	0.0016	0.0005
-23.0	-46.0	0.0134	-0.0037	0.0018	0.0003
-23.0	-45.0	0.0129	-0.0038	0.0004	0.0001
-23.0	-44.0	0.0131	-0.0032	0.0011	0.0015
-23.0	-43.0	0.0130	-0.0034	0.0010	0.0015
-23.0	-42.0	0.0124	-0.0042	0.0002	0.0003
-24.0	-71.0	0.0142	0.0114	0.0033	0.0074
-24.0	-70.0	0.0139	0.0112	0.0035	0.0082
-24.0	-69.0	0.0148	0.0122	0.0039	0.0075
-24.0	-68.0	0.0127	0.0061	0.0022	0.0041
-24.0	-67.0	0.0116	0.0045	0.0011	0.0035
-24.0	-66.0	0.0118	0.0037	0.0010	0.0036
-24.0	-65.0	0.0123	0.0046	0.0008	0.0037
-24.0	-64.0	0.0124	0.0045	0.0008	0.0037
-24.0	-63.0	0.0117	-0.0000	0.0005	0.0034
-24.0	-62.0	0.0117	-0.0001	0.0005	0.0034
-24.0	-61.0	0.0118	-0.0027	0.0005	0.0019
-24.0	-60.0	0.0118	-0.0033	0.0005	0.0009
-24.0	-59.0	0.0120	-0.0035	0.0005	0.0010
-24.0	-58.0	0.0122	-0.0029	0.0004	0.0006
-24.0	-57.0	0.0119	-0.0027	0.0006	0.0008
-24.0	-56.0	0.0118	-0.0029	0.0008	0.0008
-24.0	-55.0	0.0117	-0.0028	0.0007	0.0007
-24.0	-54.0	0.0117	-0.0027	0.0009	0.0005
-24.0	-53.0	0.0124	-0.0028	0.0009	0.0005
-24.0	-52.0	0.0125	-0.0030	0.0003	0.0002
-24.0	-51.0	0.0124	-0.0029	0.0004	0.0004
-24.0	-50.0	0.0124	-0.0030	0.0006	0.0004
-24.0	-49.0	0.0123	-0.0031	0.0003	0.0004
-24.0	-48.0	0.0126	-0.0034	0.0001	0.0003
-24.0	-47.0	0.0126	-0.0035	0.0002	0.0003
-24.0	-46.0	0.0125	-0.0035	0.0002	0.0001
-25.0	-71.0	0.0150	0.0139	0.0040	0.0095
-25.0	-70.0	0.0139	0.0094	0.0045	0.0095
-25.0	-69.0	0.0140	0.0093	0.0045	0.0095
-25.0	-68.0	0.0113	0.0039	0.0011	0.0036
-25.0	-67.0	0.0108	0.0021	0.0004	0.0018
-25.0	-66.0	0.0116	0.0049	0.0012	0.0035
-25.0	-65.0	0.0117	0.0049	0.0012	0.0035
-25.0	-64.0	0.0114	0.0016	0.0010	0.0046
-25.0	-63.0	0.0112	0.0003	0.0004	0.0034
-25.0	-62.0	0.0117	-0.0000	0.0005	0.0034
-25.0	-61.0	0.0115	-0.0010	0.0005	0.0029
-25.0	-60.0	0.0116	-0.0036	0.0002	0.0006
-25.0	-59.0	0.0119	-0.0031	0.0005	0.0009
-25.0	-58.0	0.0117	-0.0034	0.0003	0.0009
-25.0	-57.0	0.0120	-0.0027	0.0007	0.0008
-25.0	-56.0	0.0126	-0.0029	0.0011	0.0009
-25.0	-55.0	0.0126	-0.0029	0.0011	0.0009
-25.0	-54.0	0.0127	-0.0032	0.0011	0.0009
-25.0	-53.0	0.0128	-0.0028	0.0007	0.0002
-25.0	-52.0	0.0130	-0.0030	0.0005	0.0003
-25.0	-51.0	0.0128	-0.0030	0.0003	0.0003
-25.0	-50.0	0.0126	-0.0032	0.0004	0.0002
-25.0	-49.0	0.0126	-0.0034	0.0005	0.0000
-25.0	-48.0	0.0126	-0.0035	0.0005	0.0000
-25.0	-47.0	0.0126	-0.0036	0.0002	0.0003
-26.0	-71.0	0.0126	0.0076	0.0038	0.0077
-26.0	-70.0	0.0128	0.0077	0.0038	0.0077
-26.0	-69.0	0.0142	0.0100	0.0047	0.0097
-26.0	-68.0	0.0126	0.0065	0.0039	0.0081
-26.0	-67.0	0.0108	0.0020	0.0004	0.0018
-26.0	-66.0	0.0108	0.0019	0.0004	0.0018
-26.0	-65.0	0.0108	0.0029	0.0004	0.0015
-26.0	-64.0	0.0109	0.0011	0.0004	0.0024
-26.0	-63.0	0.0111	-0.0002	0.0004	0.0031
-26.0	-62.0	0.0110	-0.0022	0.0002	0.0017
-26.0	-61.0	0.0113	-0.0029	0.0002	0.0008
-26.0	-60.0	0.0115	-0.0034	0.0001	0.0007
-26.0	-59.0	0.0116	-0.0032	0.0003	0.0009
-26.0	-58.0	0.0116	-0.0032	0.0009	0.0007
-26.0	-57.0	0.0122	-0.0031	0.0005	0.0006
-26.0	-56.0	0.0117	-0.0030	0.0013	0.0006
-26.0	-55.0	0.0117	-0.0032	0.0013	0.0006
-26.0	-54.0	0.0123	-0.0033	0.0015	0.0005
-26.0	-53.0	0.0128	-0.0029	0.0007	0.0009
-26.0	-52.0	0.0122	-0.0024	0.0004	0.0004
-26.0	-51.0	0.0127	-0.0028	0.0003	0.0002
-26.0	-50.0	0.0125	-0.0032	0.0005	0.0002
-26.0	-49.0	0.0126	-0.0034	0.0005	0.0000
-26.0	-48.0	0.0126	-0.0034	0.0005	0.0000
-27.0	-71.0	0.0163	0.0114	0.0037	0.0079
-27.0	-70.0	0.0165	0.0151	0.0038	0.0079
-27.0	-69.0	0.0148	0.0113	0.0046	0.0095
-27.0	-68.0	0.0136	0.0087	0.0046	0.0095
-27.0	-67.0	0.0105	0.0018	0.0001	0.0013
-27.0	-66.0	0.0105	0.0018	0.0001	0.0013
-27.0	-65.0	0.0106	0.0011	0.0000	0.0020
-27.0	-64.0	0.0107	0.0010	0.0000	0.0020
-27.0	-63.0	0.0108	0.0009	0.0000	0.0020
-27.0	-62.0	0.0111	-0.0027	0.0002	0.0010
-27.0	-61.0	0.0114	-0.0031	0.0001	0.0007
-27.0	-60.0	0.0115	-0.0027	0.0001	0.0000
-27.0	-59.0	0.0115	-0.0028	0.0001	0.0000
-27.0	-58.0	0.0117	-0.0027	0.0003	0.0003
-27.0	-57.0	0.0114	-0.0025	0.0009	0.0003
-27.0	-56.0	0.0114	-0.0024	0.0010	0.0002
-27.0	-55.0	0.0114	-0.0025	0.0010	0.0002
-27.0	-54.0	0.0113	-0.0022	0.0009	0.0005
-27.0	-53.0	0.0114	-0.0022	0.0007	0.0005
-27.0	-52.0	0.0120	-0.0023	0.0002	0.0004
-27.0	-51.0	0.0121	-0.0027	0.0002	0.0005
-27.0	-50.0	0.0121	-0.0031	0.0002	0.0002
-27.0	-49.0	0.0122	-0.0031	0.0002	0.0001
-27.0	-48.0	0.0122	-0.0032	0.0002	0.0001
-28.0	-72.0	0.0144	0.0063	0.0032	0.0077
-28.0	-71.0	0.0151	0.0062	0.0032	0.0084
-28.0	-70.0	0.0169	0.0106	0.0034	0.0081
-28.0	-69.0	0.0137	0.0095	0.0044	0.0090
-28.0	-68.0	0.0126	0.0070	0.0044	0.0090
-28.0	-67.0	0.0102	0.0018	0.0005	0.0014
-28.0	-66.0	0.0102	0.0017	0.0005	0.0014
-28.0	-65.0	0.0103	0.0010	0.0005	0.0020
-28.0	-64.0	0.0107	0.0011	0.0000	0.0020
-28.0	-63.0	0.0105	0.0008	0.0004	0.0017
-28.0	-62.0	0.0111	-0.0021	0.0003	0.0004
-28.0	-61.0	0.0113	-0.0024	0.0002	0.0004
-28.0	-60.0	0.0115	-0.0026	0.0001	0.0000
-28.0	-59.0	0.0115	-0.0027	0.0001	0.0000
-28.0	-58.0	0.0116	-0.0028	0.0001	0.0000
-28.0	-57.0	0.0117	-0.0026	0.0003	0.0003
-28.0	-56.0	0.0114	-0.0023	0.0010	0.0002
-28.0	-55.0	0.0114	-0.0024	0.0010	0.0002
-28.0	-54.0	0.0114	-0.0024	0.0009	0.0002
-28.0	-53.0	0.0119	-0.0021	0.0002	0.0004
-28.0	-52.0	0.0120	-0.0024	0.0002	0.0005
-28.0	-51.0	0.0122	-0.0027	0.0002	0.0002
-28.0	-50.0	0.0122	-0.0030	0.0002	0.0001
-28.0	-49.0	0.0123	-0.0030	0.0001	0.0001
-28.0	-48.0	0.0123	-0.0032	0.0001	0.0001
-29.0	-72.0	0.0181	0.0109	0.0042	0.0100
-29.0	-71.0	0.0163	0.0079	0.0023	0.0090
-29.0	-70.0	0.0155	0.0076	0.0027	0.0080
-29.0	-69.0	0.0147	0.0062	0.0032	0.0077
-29.0	-68.0	0.0114	0.0020	0.0023	0.0012
-29.0	-67.0	0.0102	0.0019	0.0005	0.0014
-29.0	-66.0	0.0102	0.0018	0.0005	0.0014
-29.0	-65.0	0.0103	0.0011	0.0005	0.0020
-29.0	-64.0	0.0104	0.0010	0.0005	0.0020
-29.0	-63.0	0.0100	-0.0002	0.0009	0.0027
-29.0	-62.0	0.0105	-0.0027	0.0010	0.0009
-29.0	-61.0	0.0114	-0.0024	0.0001	0.0000
-29.0	-60.0	0.0115	-0.0025	0.0001	0.0000
-29.0	-59.0	0.0115	-0.0026	0.0001	0.0000
-29.0	-58.0	0.0116	-0.0027	0.0002	0.0001
-29.0	-57.0	0.0116	-0.0027	0.0002	0.0001
-29.0	-56.0	0.0119	-0.0026	0.0001	0.0004
-29.0	-55.0	0.0119	-0.0026	0.0001	0.0003
-29.0	-54.0	0.0120	-0.0025	0.0001	0.0003
-29.0	-53.0	0.0120	-0.0024	0.0001	0.0005
-29.0	-52.0	0.0121	-0.0025	0.0001	0.0003
-29.0	-51.0	0.0121	-0.0027	0.0001	0.0005
-29.0	-50.0	0.0121	-0.0032	0.0001	0.0001
-29.0	-49.0	0.0123	-0.0030	0.0001	0.0001
-30.0	-72.0	0.0204	0.0167	0.0040	0.0091
-30.0	-71.0	0.0163	0.0078	0.0023	0.0090
-30.0	-70.0	0.0151	0.0025	0.0007	0.0008
-30.0	-69.0	0.0139	0.0034	0.0014	0.0022
-30.0	-68.0	0.0140	0.0033	0.0014	0.0022
-30.0	-67.0	0.0129	0.0027	0.0023	0.0022
-30.0	-66.0	0.0095	-0.0017	0.0009	0.0019
-30.0	-65.0	0.0096	-0.0018	0.0009	0.0019
-30.0	-64.0	0.0100	-0.0017	0.0009	0.0017
-30.0	-63.0	0.0102	-0.0026	0.0010	0.0011
-30.0	-62.0	0.0104	-0.0030	0.0012	0.0007
-30.0	-61.0	0.0113	-0.0026	0.0002	0.0001
-30.0	-60.0	0.0114	-0.0025	0.0002	0.0002
-30.0	-59.0	0.0114	-0.0027	0.0002	0.0002
-30.0	-58.0	0.0115	-0.0028	0.0002	0.0002
-30.0	-57.0	0.0116	-0.0028	0.0002	0.0003
-30.0	-56.0	0.0119	-0.0028	0.0001	0.0000
-30.0	-55.0	0.0118	-0.0027	0.0001	0.0002
-30.0	-54.0	0.0119	-0.0028	0.0001	0.0002
-30.0	-53.0	0.0121	-0.0024	0.0001	0.0005
-30.0	-52.0	0.0121	-0.0025	0.0001	0.0005
-30.0	-51.0	0.0122	-0.0027	0.0001	0.0004
-30.0	-50.0	0.0122	-0.0027	0.0001	0.0005
-31.0	-72.0	0.0188	0.0141	0.0047	0.0078
-31.0	-71.0	0.0188	0.0096	0.0047	0.0093
-31.0	-70.0	0.0151	0.0026	0.0007	0.0008
-31.0	-69.0	0.0144	0.0035	0.0016	0.0019
-31.0	-68.0	0.0140	0.0034	0.0014	0.0022
-31.0	-67.0	0.0141	0.0033	0.0014	0.0022
-31.0	-66.0	0.0104	0.0002	0.0015	0.0044
-31.0	-65.0	0.0101	-0.0032	0.0011	0.0006
-31.0	-64.0	0.0101	-0.0023	0.0010	0.0018
-31.0	-63.0	0.0102	-0.0029	0.0011	0.0006
-31.0	-62.0	0.0104	-0.0032	0.0010	0.0006
-31.0	-61.0	0.0111	-0.0029	0.0002	0.0005
-31.0	-60.0	0.0114	-0.0026	0.0001	0.0001
-31.0	-59.0	0.0114	-0.0028	0.0001	0.0001
-31.0	-58.0	0.0115	-0.0030	0.0001	0.0001
-31.0	-57.0	0.0116	-0.0029	0.0002	0.0002
-31.0	-56.0	0.0119	-0.0028	0.0001	0.0001
-31.0	-55.0	0.0118	-0.0029	0.0001	0.0001
-31.0	-54.0	0.0119	-0.0028	0.0001	0.0002
-31.0	-53.0	0.0119	-0.0028	0.0001	0.0002
-31.0	-52.0	0.0120	-0.0025	0.0002	0.0005
-31.0	-51.0	0.0121	-0.0027	0.0002	0.0005
-31.0	-50.0	0.0121	-0.0028	0.0002	0.0005
-32.0	-72.0	0.0182	0.0161	0.0051	0.0056
-32.0	-71.0	0.0177	0.0128	0.0046	0.0071
-32.0	-70.0	0.0146	0.0052	0.0013	0.0051
-32.0	-69.0	0.0141	0.0029	0.0015	0.0023
-32.0	-68.0	0.0137	0.0026	0.0013	0.0025
-32.0	-67.0	0.0125	0.0015	0.0016	0.0040
-32.0	-66.0	0.0100	-0.0030	0.0011	0.0006
-32.0	-65.0	0.0101	-0.0031	0.0011	0.0006
-32.0	-64.0	0.0102	-0.0032	0.0011	0.0006
-32.0	-63.0	0.0104	-0.0030	0.0010	0.0006
-32.0	-62.0	0.0103	-0.0032	0.0010	0.0006
-32.0	-61.0	0.0111	-0.0028	0.0002	0.0005
-32.0	-60.0	0.0112	-0.0030	0.0002	0.0005
-32.0	-59.0	0.0114	-0.0028	0.0001	0.0002
-32.0	-58.0	0.0115	-0.0029	0.0001	0.0002
-32.0	-57.0	0.0115	-0.0029	0.0001	0.0002
-32.0	-56.0	0.0117	-0.0029	0.0000	0.0001
-32.0	-55.0	0.0117	-0.0028	0.0000	0.0001
-32.0	-54.0	0.0120	-0.0027	0.0002	0.0001
-32.0	-53.0	0.0118	-0.0029	0.0000	0.0001
-32.0	-52.0	0.0119	-0.0028	0.0002	0.0005
-32.0	-51.0	0.0121	-0.0026	0.0002	0.0005
-33.0	-72.0	0.0199	0.0179	0.0050	0.0054
-33.0	-71.0	0.0181	0.0158	0.0050	0.0054
-33.0	-70.0	0.0139	0.0093	0.0014	0.0052
-33.0	-69.0	0.0121	-0.0001	0.0005	0.0018
-33.0	-68.0	0.0123	-0.0001	0.0004	0.0018
-33.0	-67.0	0.0119	-0.0019	0.0009	0.0013
-33.0	-66.0	0.0111	-0.0026	0.0005	0.0006
-33.0	-65.0	0.0101	-0.0030	0.0011	0.0006
-33.0	-64.0	0.0102	-0.0031	0.0011	0.0006
-33.0	-63.0	0.0102	-0.0031	0.0010	0.0005
-33.0	-62.0	0.0104	-0.0030	0.0010	0.0006
-33.0	-61.0	0.0111	-0.0029	0.0002	0.0005
-33.0	-60.0	0.0112	-0.0030	0.0002	0.0005
-33.0	-59.0	0.0114	-0.0028	0.0001	0.0001
-33.0	-58.0	0.0113	-0.0030	0.0003	0.0000
-33.0	-57.0	0.0113	-0.0030	0.0003	0.0001
-33.0	-56.0	0.0117	-0.0026	0.0001	0.0002
-33.0	-55.0	0.0119	-0.0026	0.0002	0.0002
-33.0	-54.0	0.0120	-0.0028	0.0002	0.0002
-33.0	-53.0	0.0120	-0.0028	0.0002	0.0002
-33.0	-52.0	0.0120	-0.0029	0.0002	0.0002
-34.0	-72.0	0.0182	0.0163	0.0051	0.0056
-34.0	-71.0	0.0180	0.0159	0.0051	0.0056
-34.0	-70.0	0.0135	0.0074	0.0017	0.0074
-34.0	-69.0	0.0113	-0.0031	0.0003	0.0015
-34.0	-68.0	0.0114	-0.0033	0.0003	0.0016
-34.0	-67.0	0.0110	-0.0045	0.0006	0.0019
-34.0	-66.0	0.0110	-0.0046	0.0006	0.0019
-34.0	-65.0	0.0107	-0.0042	0.0003	0.0021
-34.0	-64.0	0.0111	-0.0030	0.0003	0.0005
-34.0	-63.0	0.0108	-0.0035	0.0011	0.0009
-34.0	-62.0	0.0111	-0.0030	0.0003	0.0006
-34.0	-61.0	0.0112	-0.0031	0.0003	0.0005
-34.0	-60.0	0.0113	-0.0030	0.0002	0.0003
-34.0	-59.0	0.0114	-0.0030	0.0001	0.0001
-34.0	-58.0	0.0115	-0.0030	0.0001	0.0001
-34.0	-57.0	0.0114	-0.0028	0.0003	0.0002
-34.0	-56.0	0.0116	-0.0028	0.0003	0.0003
-34.0	-55.0	0.0117	-0.0028	0.0000	0.0003
-34.0	-54.0	0.0121	-0.0028	0.0002	0.0002
-34.0	-53.0	0.0121	-0.0029	0.0002	0.0002
-35.0	-73.0	0.0199	0.0140	0.0047	0.0068
-35.0	-72.0	0.0200	0.0138	0.0047	0.0068
-35.0	-71.0	0.0142	0.0047	0.0009	0.0116
-35.0	-70.0	0.0118	-0.0066	0.0011	0.0038
-35.0	-69.0	0.0115	-0.0079	0.0014	0.0026
-35.0	-68.0	0.0107	-0.0065	0.0012	0.0022
-35.0	-67.0	0.0113	-0.0058	0.0012	0.0034
-35.0	-66.0	0.0107	-0.0053	0.0004	0.0015
-35.0	-65.0	0.0110	-0.0051	0.0006	0.0015
-35.0	-64.0	0.0115	-0.0039	0.0004	0.0008
-35.0	-63.0	0.0114	-0.0030	0.0005	0.0016
-35.0	-62.0	0.0114	-0.0031	0.0005	0.0016
-35.0	-61.0	0.0112	-0.0026	0.0003	0.0013
-35.0	-60.0	0.0115	-0.0025	0.0002	0.0012
-35.0	-59.0	0.0114	-0.0022	0.0001	0.0011
-35.0	-58.0	0.0116	-0.0024	0.0001	0.0010
-35.0	-57.0	0.0118	-0.0022	0.0003	0.0009
-35.0	-56.0	0.0119	-0.0024	0.0003	0.0006
-35.0	-55.0	0.0119	-0.0026	0.0004	0.0006
-35.0	-54.0	0.0119	-0.0029	0.0001	0.0001
-36.0	-73.0	0.0171	0.0011	0.0026	0.0066
-36.0	-72.0	0.0172	0.0009	0.0026	0.0066
-36.0	-71.0	0.0162	-0.0035	0.0033	0.0085
-36.0	-70.0	0.0130	-0.0081	0.0016	0.0025
-36.0	-69.0	0.0121	-0.0089	0.0013	0.0025
-36.0	-68.0	0.0115	-0.0078	0.0014	0.0027
-36.0	-67.0	0.0116	-0.0077	0.0014	0.0027
-36.0	-66.0	0.0115	-0.0061	0.0010	0.0011
-36.0	-65.0	0.0116	-0.0055	0.0009	0.0017
-36.0	-64.0	0.0121	-0.0051	0.0006	0.0017
-36.0	-63.0	0.0117	-0.0031	0.0004	0.0017
-36.0	-62.0	0.0115	-0.0030	0.0004	0.0019
-36.0	-61.0	0.0113	-0.0023	0.0003	0.0012
-36.0	-60.0	0.0114	-0.0025	0.0002	0.0011
-36.0	-59.0	0.0114	-0.0014	0.0002	0.0010
-36.0	-58.0	0.0116	-0.0023	0.0001	0.0010
-36.0	-57.0	0.0119	-0.0018	0.0004	0.0009
-36.0	-56.0	0.0120	-0.0022	0.0004	0.0008
-37.0	-74.0	0.0170	0.0014	0.0026	0.0066
-37.0	-73.0	0.0171	0.0051	0.0026	0.0059
-37.0	-72.0	0.0172	0.0005	0.0026	0.0066
-37.0	-71.0	0.0173	0.0003	0.0026	0.0066
-37.0	-70.0	0.0148	-0.0058	0.0013	0.0053
-37.0	-69.0	0.0140	-0.0081	0.0006	0.0025
-37.0	-68.0	0.0125	-0.0077	0.0017	0.0027
-37.0	-67.0	0.0124	-0.0069	0.0014	0.0024
-37.0	-66.0	0.0122	-0.0059	0.0013	0.0009
-37.0	-65.0	0.0120	-0.0046	0.0005	0.0016
-37.0	-64.0	0.0121	-0.0050	0.0006	0.0017
-37.0	-63.0	0.0119	-0.0039	0.0002	0.0007
-37.0	-62.0	0.0116	-0.0025	0.0004	0.0015
-37.0	-61.0	0.0117	-0.0027	0.0004	0.0015
-37.0	-60.0	0.0117	-0.0023	0.0004	0.0012
-37.0	-59.0	0.0117	-0.0021	0.0004	0.0010
-37.0	-58.0	0.0119	-0.0025	0.0004	0.0010
-37.0	-57.0	0.0118	-0.0022	0.0004	0.0010
-37.0	-56.0	0.0122	-0.0025	0.0003	0.0009
-38.0	-74.0	0.0170	0.0013	0.0026	0.0066
-38.0	-73.0	0.0171	0.0006	0.0026	0.0064
-38.0	-72.0	0.0172	0.0007	0.0026	0.0066
-38.0	-71.0	0.0173	0.0008	0.0026	0.0066
-38.0	-70.0	0.0145	-0.0055	0.0012	0.0046
-38.0	-69.0	0.0140	-0.0079	0.0006	0.0025
-38.0	-68.0	0.0133	-0.0077	0.0005	0.0026
-38.0	-67.0	0.0129	-0.0054	0.0009	0.0010
-38.0	-66.0	0.0128	-0.0055	0.0008	0.0010
-38.0	-65.0	0.0121	-0.0047	0.0004	0.0014
-38.0	-64.0	0.0123	-0.0051	0.0004	0.0015
-38.0	-63.0	0.0124	-0.0052	0.0004	0.0015
-38.0	-62.0	0.0118	-0.0032	0.0004	0.0017
-38.0	-61.0	0.0118	-0.0026	0.0004	0.0013
-38.0	-60.0	0.0119	-0.0025	0.0004	0.0012
-38.0	-59.0	0.0118	-0.0023	0.0004	0.0010
-38.0	-58.0	0.0120	-0.0028	0.0004	0.0008
-38.0	-57.0	0.0118	-0.0025	0.0004	0.0009
-39.0	-74.0	0.0166	0.0085	0.0030	0.0047
-39.0	-73.0	0.0147	0.0023	0.0011	0.0083
-39.0	-72.0	0.0148	0.0022	0.0011	0.0083
-39.0	-71.0	0.0137	0.0006	0.0021	0.0071
-39.0	-70.0	0.0137	-0.0025	0.0023	0.0036
-39.0	-69.0	0.0130	-0.0044	0.0020	0.0031
-39.0	-68.0	0.0132	-0.0054	0.0008	0.0011
-39.0	-67.0	0.0129	-0.0054	0.0009	0.0011
-39.0	-66.0	0.0129	-0.0053	0.0009	0.0011
-39.0	-65.0	0.0122	-0.0046	0.0004	0.0016
-39.0	-64.0	0.0123	-0.0048	0.0004	0.0016
-39.0	-63.0	0.0124	-0.0049	0.0004	0.0016
-39.0	-62.0	0.0120	-0.0034	0.0004	0.0014
-39.0	-61.0	0.0118	-0.0022	0.0005	0.0014
-39.0	-60.0	0.0119	-0.0024	0.0004	0.0012
-39.0	-59.0	0.0119	-0.0025	0.0004	0.0012
-39.0	-58.0	0.0118	-0.0023	0.0004	0.0010
-40.0	-74.0	0.0130	0.0056	0.0026	0.0058
-40.0	-73.0	0.0131	0.0055	0.0026	0.0058
-40.0	-72.0	0.0132	0.0054	0.0026	0.0058
-40.0	-71.0	0.0124	0.0032	0.0017	0.0076
-40.0	-70.0	0.0125	0.0030	0.0017	0.0076
-40.0	-69.0	0.0126	-0.0012	0.0018	0.0069
-40.0	-68.0	0.0123	-0.0043	0.0013	0.0023
-40.0	-67.0	0.0129	-0.0052	0.0009	0.0011
-40.0	-66.0	0.0129	-0.0051	0.0009	0.0011
-40.0	-65.0	0.0122	-0.0045	0.0004	0.0016
-40.0	-64.0	0.0123	-0.0046	0.0004	0.0015
-40.0	-63.0	0.0124	-0.0048	0.0004	0.0016
-40.0	-62.0	0.0121	-0.0035	0.0006	0.0022
-41.0	-74.0	0.0109	0.0046	0.0017	0.0067
-41.0	-73.0	0.0110	0.0044	0.0017	0.0067
-41.0	-72.0	0.0111	0.0043	0.0017	0.0067
-41.0	-71.0	0.0112	0.0042	0.0017	0.0067
-41.0	-70.0	0.0119	0.0020	0.0018	0.0069
-41.0	-69.0	0.0114	-0.0020	0.0017	0.0020
-41.0	-68.0	0.0120	-0.0026	0.0015	0.0021
-41.0	-67.0	0.0133	-0.0029	0.0010	0.0018
-41.0	-66.0	0.0133	-0.0032	0.0010	0.0018
-41.0	-65.0	0.0129	-0.0042	0.0009	0.0022
-41.0	-64.0	0.0126	-0.0029	0.0010	0.0012
-41.0	-63.0	0.0128	-0.0029	0.0010	0.0012
-41.0	-62.0	0.0128	-0.0030	0.0010	0.0012
-42.0	-75.0	0.0108	0.0048	0.0017	0.0067
-42.0	-74.0	0.0109	0.0047	0.0017	0.0067
-42.0	-73.0	0.0110	0.0046	0.0017	0.0067
-42.0	-72.0	0.0111	0.0044	0.0017	0.0067
-42.0	-71.0	0.0112	0.0043	0.0017	0.0067
-42.0	-70.0	0.0113	0.0042	0.0017	0.0067
-42.0	-69.0	0.0124	0.0015	0.0018	0.0062
-42.0	-68.0	0.0116	-0.0006	0.0017	0.0009
-42.0	-67.0	0.0124	-0.0022	0.0016	0.0018
-42.0	-66.0	0.0133	-0.0030	0.0010	0.0018
-42.0	-65.0	0.0131	-0.0037	0.0009	0.0019
-42.0	-64.0	0.0129	-0.0023	0.0010	0.0012
-42.0	-63.0	0.0129	-0.0026	0.0010	0.0012
-43.0	-75.0	0.0106	0.0040	0.0015	0.0060
-43.0	-74.0	0.0109	0.0048	0.0017	0.0067
-43.0	-73.0	0.0110	0.0047	0.0017	0.0067
-43.0	-72.0	0.0109	0.0036	0.0015	0.0060
-43.0	-71.0	0.0101	0.0000	0.0002	0.0009
-43.0	-70.0	0.0102	-0.0001	0.0002	0.0009
-43.0	-69.0	0.0113	-0.0003	0.0016	0.0009
-43.0	-68.0	0.0117	-0.0005	0.0017	0.0009
-43.0	-67.0	0.0123	-0.0012	0.0014	0.0014
-43.0	-66.0	0.0121	-0.0020	0.0014	0.0012
-43.0	-65.0	0.0134	-0.0031	0.0011	0.0014
-43.0	-64.0	0.0133	-0.0019	0.0009	0.0012
-44.0	-75.0	0.0109	0.0050	0.0016	0.0067
-44.0	-74.0	0.0107	0.0040	0.0015	0.0060
-44.0	-73.0	0.0108	0.0038	0.0015	0.0060
-44.0	-72.0	0.0100	0.0003	0.0002	0.0009
-44.0	-71.0	0.0101	0.0002	0.0002	0.0009
-44.0	-70.0	0.0102	0.0000	0.0002	0.0009
-44.0	-69.0	0.0114	-0.0003	0.0016	0.0008
-44.0	-68.0	0.0118	-0.0005	0.0016	0.0008
-44.0	-67.0	0.0125	-0.0014	0.0014	0.0014
-44.0	-66.0	0.0123	-0.0022	0.0013	0.0013
-44.0	-65.0	0.0130	-0.0026	0.0009	0.0015
-45.0	-75.0	0.0106	0.0042	0.0015	0.0060
-45.0	-74.0	0.0107	0.0041	0.0015	0.0060
-45.0	-73.0	0.0099	0.0006	0.0002	0.0009
-45.0	-72.0	0.0100	0.0004	0.0002	0.0009
-45.0	-71.0	0.0101	0.0003	0.0002	0.0009
-45.0	-70.0	0.0110	-0.0004	0.0014	0.0014
-45.0	-69.0	0.0114	-0.0002	0.0016	0.0008
-45.0	-68.0	0.0120	-0.0010	0.0014	0.0014
-45.0	-67.0	0.0123	-0.0013	0.0014	0.0014
-45.0	-66.0	0.0125	-0.0014	0.0014	0.0014
-45.0	-65.0	0.0125	-0.0020	0.0012	0.0016
-46.0	-74.0	0.0107	0.0042	0.0015	0.0060
-46.0	-73.0	0.0111	0.0028	0.0015	0.0060
-46.0	-72.0	0.0104	-0.0002	0.0008	0.0012
-46.0	-71.0	0.0106	-0.0006	0.0009	0.0013
-46.0	-70.0	0.0109	-0.0008	0.0010	0.0014
-46.0	-69.0	0.0112	-0.0012	0.0011	0.0014
-46.0	-68.0	0.0124	-0.0008	0.0014	0.0016
-46.0	-67.0	0.0126	-0.0010	0.0014	0.0016
-46.0	-66.0	0.0126	-0.0011	0.0014	0.0016
-47.0	-75.0	0.0104	0.0013	0.0011	0.0012
-47.0	-74.0	0.0108	0.0005	0.0011	0.0018
-47.0	-73.0	0.0106	-0.0003	0.0010	0.0014
-47.0	-72.0	0.0107	-0.0004	0.0010	0.0014
-47.0	-71.0	0.0109	-0.0007	0.0010	0.0014
-47.0	-70.0	0.0111	-0.0009	0.0010	0.0014
-47.0	-69.0	0.0113	-0.0013	0.0011	0.0014
-47.0	-68.0	0.0125	-0.0007	0.0014	0.0016
-47.0	-67.0	0.0126	-0.0009	0.0013	0.0016
-47.0	-66.0	0.0127	-0.0010	0.0013	0.0016
-47.0	-65.0	0.0127	-0.0012	0.0013	0.0016
-48.0	-75.0	0.0108	0.0021	0.0010	0.0016
-48.0	-74.0	0.0109	0.0006	0.0011	0.0018
-48.0	-73.0	0.0116	0.0006	0.0010	0.0020
-48.0	-72.0	0.0117	0.0005	0.0010	0.0020
-48.0	-71.0	0.0118	0.0004	0.0010	0.0020
-48.0	-70.0	0.0119	0.0002	0.0010	0.0020
-48.0	-69.0	0.0120	0.0001	0.0010	0.0020
-48.0	-68.0	0.0121	-0.0001	0.0010	0.0020
-48.0	-67.0	0.0122	-0.0002	0.0010	0.0020
-48.0	-66.0	0.0128	-0.0003	0.0011	0.0017
-48.0	-65.0	0.0134	-0.0007	0.0005	0.0020
-49.0	-75.0	0.0112	0.0032	0.0010	0.0011
-49.0	-74.0	0.0113	0.0030	0.0010	0.0011
-49.0	-73.0	0.0114	0.0029	0.0010	0.0011
-49.0	-72.0	0.0118	0.0015	0.0009	0.0024
-49.0	-71.0	0.0118	0.0005	0.0010	0.0020
-49.0	-70.0	0.0119	0.0003	0.0010	0.0020
-49.0	-69.0	0.0120	0.0002	0.0010	0.0020
-49.0	-68.0	0.0123	0.0009	0.0009	0.0024
-49.0	-67.0	0.0122	0.0014	0.0008	0.0024
-50.0	-75.0	0.0113	0.0034	0.0010	0.0011
-50.0	-74.0	0.0114	0.0033	0.0010	0.0011
-50.0	-73.0	0.0114	0.0036	0.0008	0.0012
-50.0	-72.0	0.0117	0.0031	0.0010	0.0011
-50.0	-71.0	0.0124	0.0015	0.0001	0.0027
-50.0	-70.0	0.0125	0.0014	0.0001	0.0027
-50.0	-69.0	0.0126	0.0012	0.0001	0.0027
-50.0	-68.0	0.0127	0.0010	0.0001	0.0027
-51.0	-75.0	0.0116	0.0045	0.0005	0.0008
-51.0	-74.0	0.0117	0.0043	0.0005	0.0008
-51.0	-73.0	0.0118	0.0041	0.0005	0.0008
-51.0	-72.0	0.0119	0.0040	0.0005	0.0008
-51.0	-71.0	0.0121	0.0037	0.0005	0.0008
-51.0	-70.0	0.0122	0.0035	0.0005	0.0008
-51.0	-69.0	0.0123	0.0033	0.0005	0.0008
-52.0	-74.0	0.0117	0.0056	0.0004	0.0023
-52.0	-73.0	0.0118	0.0043	0.0005	0.0008
-52.0	-72.0	0.0120	0.0041	0.0005	0.0008
-52.0	-71.0	0.0121	0.0038	0.0005	0.0008
-52.0	-70.0	0.0123	0.0035	0.0004	0.0008
-52.0	-69.0	0.0124	0.0033	0.0004	0.0007
-53.0	-74.0	0.0117	0.0057	0.0004	0.0023
-53.0	-73.0	0.0118	0.0055	0.0004	0.0023
-53.0	-72.0	0.0120	0.0041	0.0005	0.0008
-53.0	-71.0	0.0122	0.0040	0.0003	0.0006
-53.0	-70.0	0.0122	0.0039	0.0004	0.0007
-53.0	-69.0	0.0122	0.0039	0.0005	0.0008
-53.0	-68.0	0.0122	0.0039	0.0005	0.0008
-54.0	-73.0	0.0116	0.0066	0.0003	0.0020
-54.0	-72.0	0.0117	0.0065	0.0003	0.0020
-54.0	-71.0	0.0118	0.0063	0.0003	0.0020
-54.0	-70.0	0.0119	0.0061	0.0003	0.0020
-54.0	-69.0	0.0119	0.0061	0.0003	0.0020
-54.0	-68.0	0.0119	0.0059	0.0003	0.0020
-54.0	-67.0	0.0121	0.0057	0.0003	0.0020
-55.0	-71.0	0.0118	0.0064	0.0003	0.0020
-55.0	-70.0	0.0119	0.0063	0.0003	0.0020
-55.0	-69.0	0.0119	0.0062	0.0003	0.0020
-55.0	-68.0	0.0120	0.0060	0.0003	0.0020
-55.0	-67.0	0.0122	0.0059	0.0003	0.0020
-55.0	-66.0	0.0122	0.0057	0.0003	0.0020