Column 1: Latitude [dec degrees]
Column 2: Longitude [dec degrees]
Column 3: Velocity in N-S direction [m/a]
Column 4: Velocity in W-E direction [m/a]


  13.0   -71.0    0.0109    0.0090
  12.0   -73.0    0.0110    0.0088
  12.0   -72.0    0.0110    0.0091
  12.0   -71.0    0.0112    0.0097
  12.0   -70.0    0.0119    0.0102
  11.0   -76.0    0.0096    0.0113
  11.0   -75.0    0.0097    0.0103
  11.0   -74.0    0.0109    0.0093
  11.0   -73.0    0.0116    0.0085
  11.0   -72.0    0.0110    0.0084
  11.0   -71.0    0.0113    0.0086
  11.0   -70.0    0.0120    0.0087
  11.0   -69.0    0.0114    0.0079
  11.0   -68.0    0.0110    0.0070
  11.0   -67.0    0.0111    0.0079
  11.0   -66.0    0.0108    0.0075
  11.0   -65.0    0.0113    0.0092
  11.0   -64.0    0.0121    0.0095
  11.0   -63.0    0.0119    0.0088
  11.0   -62.0    0.0113    0.0059
  11.0   -61.0    0.0113    0.0045
  10.0   -76.0    0.0088    0.0132
  10.0   -75.0    0.0091    0.0117
  10.0   -74.0    0.0108    0.0097
  10.0   -73.0    0.0119    0.0080
  10.0   -72.0    0.0115    0.0069
  10.0   -71.0    0.0115    0.0064
  10.0   -70.0    0.0128    0.0059
  10.0   -69.0    0.0089   -0.0013
  10.0   -68.0    0.0091   -0.0021
  10.0   -67.0    0.0099   -0.0018
  10.0   -66.0    0.0100   -0.0012
  10.0   -65.0    0.0105   -0.0015
  10.0   -64.0    0.0110   -0.0017
  10.0   -63.0    0.0106   -0.0021
  10.0   -62.0    0.0108   -0.0023
  10.0   -61.0    0.0117   -0.0042
   9.0   -79.0    0.0082    0.0207
   9.0   -78.0    0.0102    0.0203
   9.0   -77.0    0.0097    0.0181
   9.0   -76.0    0.0086    0.0152
   9.0   -75.0    0.0093    0.0127
   9.0   -74.0    0.0106    0.0101
   9.0   -73.0    0.0118    0.0068
   9.0   -72.0    0.0118    0.0047
   9.0   -71.0    0.0122    0.0030
   9.0   -70.0    0.0099   -0.0030
   9.0   -69.0    0.0094   -0.0029
   9.0   -68.0    0.0095   -0.0038
   9.0   -67.0    0.0101   -0.0040
   9.0   -66.0    0.0102   -0.0028
   9.0   -65.0    0.0107   -0.0024
   9.0   -64.0    0.0113   -0.0027
   9.0   -63.0    0.0106   -0.0013
   9.0   -62.0    0.0104   -0.0012
   9.0   -61.0    0.0106   -0.0017
   9.0   -60.0    0.0111   -0.0027
   8.0   -79.0    0.0091    0.0222
   8.0   -78.0    0.0109    0.0232
   8.0   -77.0    0.0093    0.0191
   8.0   -76.0    0.0089    0.0160
   8.0   -75.0    0.0097    0.0129
   8.0   -74.0    0.0103    0.0095
   8.0   -73.0    0.0110    0.0060
   8.0   -72.0    0.0132    0.0017
   8.0   -71.0    0.0100   -0.0038
   8.0   -70.0    0.0099   -0.0041
   8.0   -69.0    0.0096   -0.0038
   8.0   -68.0    0.0096   -0.0038
   8.0   -67.0    0.0099   -0.0038
   8.0   -66.0    0.0103   -0.0034
   8.0   -65.0    0.0107   -0.0031
   8.0   -64.0    0.0112   -0.0030
   8.0   -63.0    0.0111   -0.0030
   8.0   -62.0    0.0109   -0.0029
   8.0   -61.0    0.0110   -0.0030
   8.0   -60.0    0.0111   -0.0029
   8.0   -59.0    0.0112   -0.0030
   7.0   -78.0    0.0092    0.0183
   7.0   -77.0    0.0087    0.0171
   7.0   -76.0    0.0092    0.0154
   7.0   -75.0    0.0100    0.0125
   7.0   -74.0    0.0102    0.0086
   7.0   -73.0    0.0100    0.0051
   7.0   -72.0    0.0094    0.0003
   7.0   -71.0    0.0096   -0.0037
   7.0   -70.0    0.0096   -0.0041
   7.0   -69.0    0.0095   -0.0040
   7.0   -68.0    0.0095   -0.0037
   7.0   -67.0    0.0097   -0.0035
   7.0   -66.0    0.0101   -0.0035
   7.0   -65.0    0.0105   -0.0036
   7.0   -64.0    0.0109   -0.0035
   7.0   -63.0    0.0110   -0.0032
   7.0   -62.0    0.0110   -0.0032
   7.0   -61.0    0.0111   -0.0032
   7.0   -60.0    0.0111   -0.0032
   7.0   -59.0    0.0112   -0.0031
   7.0   -58.0    0.0111   -0.0032
   6.0   -78.0    0.0087    0.0147
   6.0   -77.0    0.0089    0.0137
   6.0   -76.0    0.0103    0.0134
   6.0   -75.0    0.0111    0.0112
   6.0   -74.0    0.0112    0.0071
   6.0   -73.0    0.0101    0.0051
   6.0   -72.0    0.0101   -0.0022
   6.0   -71.0    0.0092   -0.0042
   6.0   -70.0    0.0094   -0.0044
   6.0   -69.0    0.0094   -0.0044
   6.0   -68.0    0.0092   -0.0037
   6.0   -67.0    0.0094   -0.0035
   6.0   -66.0    0.0098   -0.0039
   6.0   -65.0    0.0103   -0.0038
   6.0   -64.0    0.0107   -0.0037
   6.0   -63.0    0.0109   -0.0036
   6.0   -62.0    0.0109   -0.0034
   6.0   -61.0    0.0110   -0.0033
   6.0   -60.0    0.0112   -0.0034
   6.0   -59.0    0.0113   -0.0035
   6.0   -58.0    0.0112   -0.0034
   6.0   -57.0    0.0111   -0.0035
   6.0   -56.0    0.0112   -0.0036
   6.0   -55.0    0.0111   -0.0037
   6.0   -54.0    0.0112   -0.0039
   6.0   -53.0    0.0113   -0.0039
   5.0   -78.0    0.0097    0.0120
   5.0   -77.0    0.0106    0.0104
   5.0   -76.0    0.0127    0.0093
   5.0   -75.0    0.0140    0.0062
   5.0   -74.0    0.0141    0.0014
   5.0   -73.0    0.0109   -0.0007
   5.0   -72.0    0.0086   -0.0042
   5.0   -71.0    0.0090   -0.0045
   5.0   -70.0    0.0093   -0.0049
   5.0   -69.0    0.0093   -0.0053
   5.0   -68.0    0.0092   -0.0054
   5.0   -67.0    0.0092   -0.0049
   5.0   -66.0    0.0097   -0.0046
   5.0   -65.0    0.0101   -0.0043
   5.0   -64.0    0.0105   -0.0040
   5.0   -63.0    0.0108   -0.0038
   5.0   -62.0    0.0109   -0.0036
   5.0   -61.0    0.0110   -0.0034
   5.0   -60.0    0.0111   -0.0034
   5.0   -59.0    0.0112   -0.0035
   5.0   -58.0    0.0111   -0.0036
   5.0   -57.0    0.0112   -0.0037
   5.0   -56.0    0.0112   -0.0037
   5.0   -55.0    0.0112   -0.0038
   5.0   -54.0    0.0113   -0.0040
   5.0   -53.0    0.0113   -0.0042
   5.0   -52.0    0.0113   -0.0042
   4.0   -78.0    0.0104    0.0098
   4.0   -77.0    0.0123    0.0062
   4.0   -76.0    0.0124    0.0050
   4.0   -75.0    0.0128    0.0028
   4.0   -74.0    0.0131   -0.0005
   4.0   -73.0    0.0078   -0.0043
   4.0   -72.0    0.0084   -0.0043
   4.0   -71.0    0.0088   -0.0047
   4.0   -70.0    0.0091   -0.0054
   4.0   -69.0    0.0093   -0.0065
   4.0   -68.0    0.0091   -0.0084
   4.0   -67.0    0.0094   -0.0064
   4.0   -66.0    0.0098   -0.0053
   4.0   -65.0    0.0102   -0.0045
   4.0   -64.0    0.0105   -0.0041
   4.0   -63.0    0.0107   -0.0039
   4.0   -62.0    0.0108   -0.0038
   4.0   -61.0    0.0109   -0.0036
   4.0   -60.0    0.0110   -0.0035
   4.0   -59.0    0.0111   -0.0036
   4.0   -58.0    0.0111   -0.0036
   4.0   -57.0    0.0111   -0.0037
   4.0   -56.0    0.0112   -0.0037
   4.0   -55.0    0.0112   -0.0039
   4.0   -54.0    0.0113   -0.0040
   4.0   -53.0    0.0114   -0.0041
   4.0   -52.0    0.0114   -0.0040
   4.0   -51.0    0.0115   -0.0039
   3.0   -78.0    0.0104    0.0093
   3.0   -77.0    0.0112    0.0059
   3.0   -76.0    0.0121    0.0038
   3.0   -75.0    0.0123    0.0027
   3.0   -74.0    0.0077   -0.0037
   3.0   -73.0    0.0079   -0.0039
   3.0   -72.0    0.0083   -0.0040
   3.0   -71.0    0.0087   -0.0045
   3.0   -70.0    0.0090   -0.0052
   3.0   -69.0    0.0091   -0.0061
   3.0   -68.0    0.0092   -0.0068
   3.0   -67.0    0.0097   -0.0062
   3.0   -66.0    0.0100   -0.0054
   3.0   -65.0    0.0103   -0.0047
   3.0   -64.0    0.0105   -0.0043
   3.0   -63.0    0.0107   -0.0040
   3.0   -62.0    0.0107   -0.0038
   3.0   -61.0    0.0108   -0.0037
   3.0   -60.0    0.0110   -0.0037
   3.0   -59.0    0.0110   -0.0037
   3.0   -58.0    0.0110   -0.0037
   3.0   -57.0    0.0112   -0.0036
   3.0   -56.0    0.0112   -0.0037
   3.0   -55.0    0.0112   -0.0037
   3.0   -54.0    0.0113   -0.0038
   3.0   -53.0    0.0115   -0.0039
   3.0   -52.0    0.0115   -0.0039
   3.0   -51.0    0.0116   -0.0039
   2.0   -79.0    0.0104    0.0127
   2.0   -78.0    0.0104    0.0092
   2.0   -77.0    0.0105    0.0064
   2.0   -76.0    0.0115    0.0040
   2.0   -75.0    0.0078   -0.0033
   2.0   -74.0    0.0079   -0.0033
   2.0   -73.0    0.0081   -0.0036
   2.0   -72.0    0.0085   -0.0038
   2.0   -71.0    0.0087   -0.0041
   2.0   -70.0    0.0091   -0.0047
   2.0   -69.0    0.0092   -0.0051
   2.0   -68.0    0.0095   -0.0053
   2.0   -67.0    0.0098   -0.0052
   2.0   -66.0    0.0101   -0.0047
   2.0   -65.0    0.0103   -0.0044
   2.0   -64.0    0.0105   -0.0041
   2.0   -63.0    0.0107   -0.0039
   2.0   -62.0    0.0106   -0.0038
   2.0   -61.0    0.0108   -0.0037
   2.0   -60.0    0.0109   -0.0037
   2.0   -59.0    0.0110   -0.0037
   2.0   -58.0    0.0110   -0.0037
   2.0   -57.0    0.0111   -0.0037
   2.0   -56.0    0.0112   -0.0038
   2.0   -55.0    0.0112   -0.0038
   2.0   -54.0    0.0113   -0.0038
   2.0   -53.0    0.0115   -0.0038
   2.0   -52.0    0.0115   -0.0038
   2.0   -51.0    0.0116   -0.0038
   2.0   -50.0    0.0116   -0.0038
   1.0   -80.0    0.0101    0.0182
   1.0   -79.0    0.0103    0.0149
   1.0   -78.0    0.0097    0.0096
   1.0   -77.0    0.0106    0.0056
   1.0   -76.0    0.0077   -0.0029
   1.0   -75.0    0.0079   -0.0029
   1.0   -74.0    0.0081   -0.0031
   1.0   -73.0    0.0083   -0.0032
   1.0   -72.0    0.0086   -0.0034
   1.0   -71.0    0.0088   -0.0037
   1.0   -70.0    0.0092   -0.0039
   1.0   -69.0    0.0094   -0.0043
   1.0   -68.0    0.0097   -0.0045
   1.0   -67.0    0.0100   -0.0045
   1.0   -66.0    0.0102   -0.0043
   1.0   -65.0    0.0103   -0.0042
   1.0   -64.0    0.0105   -0.0040
   1.0   -63.0    0.0106   -0.0038
   1.0   -62.0    0.0107   -0.0037
   1.0   -61.0    0.0107   -0.0037
   1.0   -60.0    0.0108   -0.0036
   1.0   -59.0    0.0109   -0.0037
   1.0   -58.0    0.0109   -0.0036
   1.0   -57.0    0.0111   -0.0037
   1.0   -56.0    0.0112   -0.0037
   1.0   -55.0    0.0112   -0.0037
   1.0   -54.0    0.0114   -0.0037
   1.0   -53.0    0.0115   -0.0037
   1.0   -52.0    0.0115   -0.0038
   1.0   -51.0    0.0117   -0.0038
   1.0   -50.0    0.0116   -0.0038
   0.0   -80.0    0.0093    0.0155
   0.0   -79.0    0.0089    0.0123
   0.0   -78.0    0.0088    0.0091
   0.0   -77.0    0.0067    0.0041
   0.0   -76.0    0.0078   -0.0024
   0.0   -75.0    0.0080   -0.0025
   0.0   -74.0    0.0083   -0.0026
   0.0   -73.0    0.0085   -0.0027
   0.0   -72.0    0.0088   -0.0029
   0.0   -71.0    0.0090   -0.0031
   0.0   -70.0    0.0093   -0.0034
   0.0   -69.0    0.0096   -0.0035
   0.0   -68.0    0.0098   -0.0038
   0.0   -67.0    0.0099   -0.0039
   0.0   -66.0    0.0102   -0.0038
   0.0   -65.0    0.0103   -0.0037
   0.0   -64.0    0.0105   -0.0036
   0.0   -63.0    0.0106   -0.0037
   0.0   -62.0    0.0106   -0.0036
   0.0   -61.0    0.0106   -0.0036
   0.0   -60.0    0.0107   -0.0035
   0.0   -59.0    0.0108   -0.0036
   0.0   -58.0    0.0109   -0.0036
   0.0   -57.0    0.0111   -0.0036
   0.0   -56.0    0.0112   -0.0036
   0.0   -55.0    0.0113   -0.0037
   0.0   -54.0    0.0114   -0.0037
   0.0   -53.0    0.0116   -0.0037
   0.0   -52.0    0.0116   -0.0037
   0.0   -51.0    0.0117   -0.0038
   0.0   -50.0    0.0117   -0.0038
   0.0   -49.0    0.0117   -0.0038
   0.0   -48.0    0.0118   -0.0039
   0.0   -47.0    0.0118   -0.0039
  -1.0   -81.0    0.0083    0.0126
  -1.0   -80.0    0.0083    0.0115
  -1.0   -79.0    0.0076    0.0094
  -1.0   -78.0    0.0066    0.0072
  -1.0   -77.0    0.0076   -0.0021
  -1.0   -76.0    0.0078   -0.0022
  -1.0   -75.0    0.0082   -0.0022
  -1.0   -74.0    0.0084   -0.0022
  -1.0   -73.0    0.0086   -0.0024
  -1.0   -72.0    0.0089   -0.0026
  -1.0   -71.0    0.0092   -0.0028
  -1.0   -70.0    0.0095   -0.0030
  -1.0   -69.0    0.0097   -0.0032
  -1.0   -68.0    0.0099   -0.0033
  -1.0   -67.0    0.0101   -0.0034
  -1.0   -66.0    0.0103   -0.0035
  -1.0   -65.0    0.0104   -0.0035
  -1.0   -64.0    0.0105   -0.0035
  -1.0   -63.0    0.0106   -0.0035
  -1.0   -62.0    0.0105   -0.0035
  -1.0   -61.0    0.0105   -0.0036
  -1.0   -60.0    0.0106   -0.0037
  -1.0   -59.0    0.0107   -0.0037
  -1.0   -58.0    0.0108   -0.0036
  -1.0   -57.0    0.0110   -0.0036
  -1.0   -56.0    0.0112   -0.0037
  -1.0   -55.0    0.0113   -0.0036
  -1.0   -54.0    0.0115   -0.0036
  -1.0   -53.0    0.0116   -0.0037
  -1.0   -52.0    0.0116   -0.0038
  -1.0   -51.0    0.0117   -0.0038
  -1.0   -50.0    0.0118   -0.0039
  -1.0   -49.0    0.0117   -0.0039
  -1.0   -48.0    0.0119   -0.0040
  -1.0   -47.0    0.0118   -0.0040
  -1.0   -46.0    0.0118   -0.0040
  -1.0   -45.0    0.0119   -0.0040
  -2.0   -81.0    0.0077    0.0104
  -2.0   -80.0    0.0074    0.0088
  -2.0   -79.0    0.0066    0.0068
  -2.0   -78.0    0.0066    0.0046
  -2.0   -77.0    0.0077   -0.0018
  -2.0   -76.0    0.0079   -0.0018
  -2.0   -75.0    0.0083   -0.0018
  -2.0   -74.0    0.0085   -0.0018
  -2.0   -73.0    0.0088   -0.0019
  -2.0   -72.0    0.0091   -0.0022
  -2.0   -71.0    0.0093   -0.0025
  -2.0   -70.0    0.0097   -0.0027
  -2.0   -69.0    0.0098   -0.0029
  -2.0   -68.0    0.0100   -0.0029
  -2.0   -67.0    0.0102   -0.0031
  -2.0   -66.0    0.0103   -0.0031
  -2.0   -65.0    0.0104   -0.0033
  -2.0   -64.0    0.0105   -0.0034
  -2.0   -63.0    0.0106   -0.0034
  -2.0   -62.0    0.0105   -0.0034
  -2.0   -61.0    0.0104   -0.0035
  -2.0   -60.0    0.0104   -0.0036
  -2.0   -59.0    0.0106   -0.0036
  -2.0   -58.0    0.0108   -0.0035
  -2.0   -57.0    0.0110   -0.0035
  -2.0   -56.0    0.0112   -0.0035
  -2.0   -55.0    0.0113   -0.0036
  -2.0   -54.0    0.0115   -0.0036
  -2.0   -53.0    0.0116   -0.0036
  -2.0   -52.0    0.0117   -0.0037
  -2.0   -51.0    0.0118   -0.0039
  -2.0   -50.0    0.0118   -0.0040
  -2.0   -49.0    0.0118   -0.0041
  -2.0   -48.0    0.0119   -0.0041
  -2.0   -47.0    0.0119   -0.0042
  -2.0   -46.0    0.0119   -0.0042
  -2.0   -45.0    0.0119   -0.0041
  -2.0   -44.0    0.0119   -0.0042
  -2.0   -43.0    0.0118   -0.0042
  -3.0   -81.0    0.0073    0.0087
  -3.0   -80.0    0.0070    0.0070
  -3.0   -79.0    0.0065    0.0051
  -3.0   -78.0    0.0064    0.0041
  -3.0   -77.0    0.0077   -0.0014
  -3.0   -76.0    0.0080   -0.0015
  -3.0   -75.0    0.0084   -0.0014
  -3.0   -74.0    0.0086   -0.0013
  -3.0   -73.0    0.0090   -0.0013
  -3.0   -72.0    0.0092   -0.0018
  -3.0   -71.0    0.0094   -0.0023
  -3.0   -70.0    0.0098   -0.0027
  -3.0   -69.0    0.0099   -0.0028
  -3.0   -68.0    0.0100   -0.0028
  -3.0   -67.0    0.0102   -0.0028
  -3.0   -66.0    0.0103   -0.0029
  -3.0   -65.0    0.0104   -0.0031
  -3.0   -64.0    0.0105   -0.0031
  -3.0   -63.0    0.0106   -0.0032
  -3.0   -62.0    0.0105   -0.0033
  -3.0   -61.0    0.0103   -0.0035
  -3.0   -60.0    0.0097   -0.0038
  -3.0   -59.0    0.0106   -0.0035
  -3.0   -58.0    0.0108   -0.0035
  -3.0   -57.0    0.0111   -0.0034
  -3.0   -56.0    0.0113   -0.0035
  -3.0   -55.0    0.0114   -0.0036
  -3.0   -54.0    0.0115   -0.0036
  -3.0   -53.0    0.0117   -0.0037
  -3.0   -52.0    0.0117   -0.0038
  -3.0   -51.0    0.0119   -0.0039
  -3.0   -50.0    0.0119   -0.0039
  -3.0   -49.0    0.0119   -0.0041
  -3.0   -48.0    0.0120   -0.0042
  -3.0   -47.0    0.0120   -0.0043
  -3.0   -46.0    0.0119   -0.0043
  -3.0   -45.0    0.0120   -0.0043
  -3.0   -44.0    0.0120   -0.0043
  -3.0   -43.0    0.0119   -0.0043
  -3.0   -42.0    0.0118   -0.0043
  -3.0   -41.0    0.0118   -0.0043
  -3.0   -40.0    0.0118   -0.0044
  -3.0   -39.0    0.0119   -0.0046
  -4.0   -81.0    0.0066    0.0074
  -4.0   -80.0    0.0060    0.0050
  -4.0   -79.0    0.0052   -0.0013
  -4.0   -78.0    0.0073    0.0033
  -4.0   -77.0    0.0078   -0.0011
  -4.0   -76.0    0.0080   -0.0011
  -4.0   -75.0    0.0084   -0.0009
  -4.0   -74.0    0.0087   -0.0007
  -4.0   -73.0    0.0091   -0.0008
  -4.0   -72.0    0.0092   -0.0016
  -4.0   -71.0    0.0095   -0.0023
  -4.0   -70.0    0.0100   -0.0030
  -4.0   -69.0    0.0101   -0.0028
  -4.0   -68.0    0.0102   -0.0026
  -4.0   -67.0    0.0103   -0.0026
  -4.0   -66.0    0.0104   -0.0026
  -4.0   -65.0    0.0105   -0.0028
  -4.0   -64.0    0.0106   -0.0029
  -4.0   -63.0    0.0106   -0.0030
  -4.0   -62.0    0.0105   -0.0031
  -4.0   -61.0    0.0104   -0.0033
  -4.0   -60.0    0.0104   -0.0033
  -4.0   -59.0    0.0107   -0.0033
  -4.0   -58.0    0.0109   -0.0034
  -4.0   -57.0    0.0111   -0.0034
  -4.0   -56.0    0.0113   -0.0034
  -4.0   -55.0    0.0114   -0.0034
  -4.0   -54.0    0.0116   -0.0035
  -4.0   -53.0    0.0117   -0.0036
  -4.0   -52.0    0.0117   -0.0037
  -4.0   -51.0    0.0119   -0.0039
  -4.0   -50.0    0.0119   -0.0041
  -4.0   -49.0    0.0120   -0.0043
  -4.0   -48.0    0.0121   -0.0045
  -4.0   -47.0    0.0121   -0.0045
  -4.0   -46.0    0.0120   -0.0044
  -4.0   -45.0    0.0120   -0.0043
  -4.0   -44.0    0.0120   -0.0044
  -4.0   -43.0    0.0119   -0.0044
  -4.0   -42.0    0.0119   -0.0044
  -4.0   -41.0    0.0119   -0.0044
  -4.0   -40.0    0.0118   -0.0045
  -4.0   -39.0    0.0119   -0.0047
  -4.0   -38.0    0.0119   -0.0047
  -4.0   -37.0    0.0118   -0.0046
  -5.0   -81.0    0.0054    0.0064
  -5.0   -80.0    0.0053    0.0051
  -5.0   -79.0    0.0065    0.0050
  -5.0   -78.0    0.0081    0.0053
  -5.0   -77.0    0.0077    0.0019
  -5.0   -76.0    0.0081   -0.0009
  -5.0   -75.0    0.0084   -0.0009
  -5.0   -74.0    0.0087   -0.0008
  -5.0   -73.0    0.0089   -0.0009
  -5.0   -72.0    0.0091   -0.0014
  -5.0   -71.0    0.0094   -0.0019
  -5.0   -70.0    0.0098   -0.0024
  -5.0   -69.0    0.0100   -0.0024
  -5.0   -68.0    0.0102   -0.0023
  -5.0   -67.0    0.0103   -0.0023
  -5.0   -66.0    0.0105   -0.0024
  -5.0   -65.0    0.0106   -0.0026
  -5.0   -64.0    0.0106   -0.0026
  -5.0   -63.0    0.0107   -0.0028
  -5.0   -62.0    0.0106   -0.0029
  -5.0   -61.0    0.0106   -0.0030
  -5.0   -60.0    0.0106   -0.0031
  -5.0   -59.0    0.0108   -0.0032
  -5.0   -58.0    0.0109   -0.0032
  -5.0   -57.0    0.0112   -0.0032
  -5.0   -56.0    0.0114   -0.0032
  -5.0   -55.0    0.0114   -0.0033
  -5.0   -54.0    0.0116   -0.0034
  -5.0   -53.0    0.0117   -0.0036
  -5.0   -52.0    0.0118   -0.0037
  -5.0   -51.0    0.0119   -0.0039
  -5.0   -50.0    0.0120   -0.0042
  -5.0   -49.0    0.0120   -0.0044
  -5.0   -48.0    0.0122   -0.0048
  -5.0   -47.0    0.0121   -0.0049
  -5.0   -46.0    0.0121   -0.0047
  -5.0   -45.0    0.0121   -0.0045
  -5.0   -44.0    0.0121   -0.0044
  -5.0   -43.0    0.0120   -0.0044
  -5.0   -42.0    0.0119   -0.0044
  -5.0   -41.0    0.0119   -0.0045
  -5.0   -40.0    0.0119   -0.0045
  -5.0   -39.0    0.0120   -0.0046
  -5.0   -38.0    0.0120   -0.0045
  -5.0   -37.0    0.0119   -0.0045
  -5.0   -36.0    0.0119   -0.0045
  -5.0   -35.0    0.0119   -0.0044
  -6.0   -81.0    0.0061    0.0085
  -6.0   -80.0    0.0064    0.0075
  -6.0   -79.0    0.0073    0.0078
  -6.0   -78.0    0.0085    0.0076
  -6.0   -77.0    0.0095    0.0078
  -6.0   -76.0    0.0082   -0.0006
  -6.0   -75.0    0.0084   -0.0006
  -6.0   -74.0    0.0086   -0.0008
  -6.0   -73.0    0.0088   -0.0009
  -6.0   -72.0    0.0090   -0.0011
  -6.0   -71.0    0.0093   -0.0015
  -6.0   -70.0    0.0097   -0.0018
  -6.0   -69.0    0.0100   -0.0020
  -6.0   -68.0    0.0102   -0.0020
  -6.0   -67.0    0.0104   -0.0020
  -6.0   -66.0    0.0105   -0.0021
  -6.0   -65.0    0.0106   -0.0023
  -6.0   -64.0    0.0107   -0.0024
  -6.0   -63.0    0.0107   -0.0025
  -6.0   -62.0    0.0107   -0.0027
  -6.0   -61.0    0.0107   -0.0028
  -6.0   -60.0    0.0108   -0.0029
  -6.0   -59.0    0.0110   -0.0029
  -6.0   -58.0    0.0110   -0.0030
  -6.0   -57.0    0.0112   -0.0031
  -6.0   -56.0    0.0114   -0.0031
  -6.0   -55.0    0.0115   -0.0033
  -6.0   -54.0    0.0116   -0.0034
  -6.0   -53.0    0.0118   -0.0035
  -6.0   -52.0    0.0118   -0.0037
  -6.0   -51.0    0.0120   -0.0039
  -6.0   -50.0    0.0120   -0.0041
  -6.0   -49.0    0.0121   -0.0044
  -6.0   -48.0    0.0122   -0.0048
  -6.0   -47.0    0.0122   -0.0048
  -6.0   -46.0    0.0121   -0.0047
  -6.0   -45.0    0.0122   -0.0045
  -6.0   -44.0    0.0122   -0.0045
  -6.0   -43.0    0.0121   -0.0045
  -6.0   -42.0    0.0120   -0.0044
  -6.0   -41.0    0.0120   -0.0045
  -6.0   -40.0    0.0120   -0.0044
  -6.0   -39.0    0.0120   -0.0045
  -6.0   -38.0    0.0120   -0.0045
  -6.0   -37.0    0.0119   -0.0044
  -6.0   -36.0    0.0119   -0.0044
  -6.0   -35.0    0.0120   -0.0043
  -7.0   -80.0    0.0076    0.0104
  -7.0   -79.0    0.0079    0.0100
  -7.0   -78.0    0.0087    0.0101
  -7.0   -77.0    0.0093    0.0099
  -7.0   -76.0    0.0090    0.0076
  -7.0   -75.0    0.0084   -0.0004
  -7.0   -74.0    0.0086   -0.0006
  -7.0   -73.0    0.0087   -0.0007
  -7.0   -72.0    0.0089   -0.0009
  -7.0   -71.0    0.0092   -0.0011
  -7.0   -70.0    0.0095   -0.0013
  -7.0   -69.0    0.0099   -0.0016
  -7.0   -68.0    0.0101   -0.0016
  -7.0   -67.0    0.0104   -0.0017
  -7.0   -66.0    0.0105   -0.0018
  -7.0   -65.0    0.0107   -0.0019
  -7.0   -64.0    0.0108   -0.0021
  -7.0   -63.0    0.0109   -0.0023
  -7.0   -62.0    0.0108   -0.0024
  -7.0   -61.0    0.0108   -0.0025
  -7.0   -60.0    0.0110   -0.0027
  -7.0   -59.0    0.0111   -0.0028
  -7.0   -58.0    0.0112   -0.0029
  -7.0   -57.0    0.0113   -0.0029
  -7.0   -56.0    0.0114   -0.0031
  -7.0   -55.0    0.0115   -0.0031
  -7.0   -54.0    0.0117   -0.0033
  -7.0   -53.0    0.0118   -0.0034
  -7.0   -52.0    0.0119   -0.0036
  -7.0   -51.0    0.0120   -0.0038
  -7.0   -50.0    0.0120   -0.0040
  -7.0   -49.0    0.0121   -0.0043
  -7.0   -48.0    0.0122   -0.0046
  -7.0   -47.0    0.0123   -0.0046
  -7.0   -46.0    0.0122   -0.0046
  -7.0   -45.0    0.0123   -0.0045
  -7.0   -44.0    0.0122   -0.0045
  -7.0   -43.0    0.0122   -0.0045
  -7.0   -42.0    0.0121   -0.0045
  -7.0   -41.0    0.0120   -0.0044
  -7.0   -40.0    0.0120   -0.0045
  -7.0   -39.0    0.0121   -0.0044
  -7.0   -38.0    0.0121   -0.0043
  -7.0   -37.0    0.0119   -0.0042
  -7.0   -36.0    0.0119   -0.0042
  -7.0   -35.0    0.0120   -0.0042
  -8.0   -80.0    0.0078    0.0123
  -8.0   -79.0    0.0082    0.0121
  -8.0   -78.0    0.0085    0.0124
  -8.0   -77.0    0.0090    0.0121
  -8.0   -76.0    0.0093    0.0114
  -8.0   -75.0    0.0086    0.0077
  -8.0   -74.0    0.0084   -0.0003
  -8.0   -73.0    0.0086   -0.0004
  -8.0   -72.0    0.0088   -0.0007
  -8.0   -71.0    0.0090   -0.0007
  -8.0   -70.0    0.0093   -0.0009
  -8.0   -69.0    0.0097   -0.0010
  -8.0   -68.0    0.0101   -0.0013
  -8.0   -67.0    0.0104   -0.0014
  -8.0   -66.0    0.0106   -0.0015
  -8.0   -65.0    0.0108   -0.0017
  -8.0   -64.0    0.0109   -0.0019
  -8.0   -63.0    0.0109   -0.0021
  -8.0   -62.0    0.0109   -0.0022
  -8.0   -61.0    0.0110   -0.0024
  -8.0   -60.0    0.0110   -0.0025
  -8.0   -59.0    0.0112   -0.0026
  -8.0   -58.0    0.0112   -0.0027
  -8.0   -57.0    0.0113   -0.0028
  -8.0   -56.0    0.0115   -0.0030
  -8.0   -55.0    0.0116   -0.0031
  -8.0   -54.0    0.0117   -0.0032
  -8.0   -53.0    0.0118   -0.0034
  -8.0   -52.0    0.0119   -0.0035
  -8.0   -51.0    0.0120   -0.0037
  -8.0   -50.0    0.0121   -0.0040
  -8.0   -49.0    0.0121   -0.0043
  -8.0   -48.0    0.0122   -0.0043
  -8.0   -47.0    0.0123   -0.0045
  -8.0   -46.0    0.0123   -0.0045
  -8.0   -45.0    0.0124   -0.0046
  -8.0   -44.0    0.0123   -0.0046
  -8.0   -43.0    0.0122   -0.0046
  -8.0   -42.0    0.0122   -0.0045
  -8.0   -41.0    0.0121   -0.0043
  -8.0   -40.0    0.0120   -0.0045
  -8.0   -39.0    0.0121   -0.0043
  -8.0   -38.0    0.0121   -0.0042
  -8.0   -37.0    0.0120   -0.0041
  -8.0   -36.0    0.0119   -0.0040
  -8.0   -35.0    0.0120   -0.0033
  -9.0   -79.0    0.0083    0.0146
  -9.0   -78.0    0.0086    0.0149
  -9.0   -77.0    0.0089    0.0148
  -9.0   -76.0    0.0091    0.0140
  -9.0   -75.0    0.0091    0.0128
  -9.0   -74.0    0.0088    0.0079
  -9.0   -73.0    0.0085   -0.0001
  -9.0   -72.0    0.0086   -0.0001
  -9.0   -71.0    0.0088   -0.0003
  -9.0   -70.0    0.0092   -0.0005
  -9.0   -69.0    0.0095   -0.0006
  -9.0   -68.0    0.0099   -0.0009
  -9.0   -67.0    0.0103   -0.0011
  -9.0   -66.0    0.0107   -0.0012
  -9.0   -65.0    0.0108   -0.0014
  -9.0   -64.0    0.0110   -0.0016
  -9.0   -63.0    0.0110   -0.0018
  -9.0   -62.0    0.0109   -0.0019
  -9.0   -61.0    0.0111   -0.0022
  -9.0   -60.0    0.0111   -0.0023
  -9.0   -59.0    0.0112   -0.0025
  -9.0   -58.0    0.0112   -0.0026
  -9.0   -57.0    0.0114   -0.0028
  -9.0   -56.0    0.0115   -0.0029
  -9.0   -55.0    0.0116   -0.0030
  -9.0   -54.0    0.0117   -0.0033
  -9.0   -53.0    0.0119   -0.0034
  -9.0   -52.0    0.0119   -0.0036
  -9.0   -51.0    0.0121   -0.0039
  -9.0   -50.0    0.0121   -0.0038
  -9.0   -49.0    0.0122   -0.0041
  -9.0   -48.0    0.0123   -0.0043
  -9.0   -47.0    0.0123   -0.0045
  -9.0   -46.0    0.0123   -0.0043
  -9.0   -45.0    0.0124   -0.0045
  -9.0   -44.0    0.0124   -0.0045
  -9.0   -43.0    0.0123   -0.0044
  -9.0   -42.0    0.0122   -0.0046
  -9.0   -41.0    0.0121   -0.0044
  -9.0   -40.0    0.0121   -0.0043
  -9.0   -39.0    0.0122   -0.0042
  -9.0   -38.0    0.0121   -0.0042
  -9.0   -37.0    0.0120   -0.0041
  -9.0   -36.0    0.0121   -0.0041
  -9.0   -35.0    0.0120   -0.0041
 -10.0   -79.0    0.0083    0.0173
 -10.0   -78.0    0.0085    0.0174
 -10.0   -77.0    0.0086    0.0171
 -10.0   -76.0    0.0090    0.0161
 -10.0   -75.0    0.0095    0.0149
 -10.0   -74.0    0.0103    0.0151
 -10.0   -73.0    0.0083    0.0003
 -10.0   -72.0    0.0083    0.0003
 -10.0   -71.0    0.0085    0.0003
 -10.0   -70.0    0.0088    0.0001
 -10.0   -69.0    0.0092   -0.0000
 -10.0   -68.0    0.0098   -0.0003
 -10.0   -67.0    0.0103   -0.0007
 -10.0   -66.0    0.0108   -0.0010
 -10.0   -65.0    0.0110   -0.0011
 -10.0   -64.0    0.0110   -0.0014
 -10.0   -63.0    0.0110   -0.0016
 -10.0   -62.0    0.0110   -0.0017
 -10.0   -61.0    0.0111   -0.0020
 -10.0   -60.0    0.0112   -0.0021
 -10.0   -59.0    0.0113   -0.0023
 -10.0   -58.0    0.0113   -0.0026
 -10.0   -57.0    0.0115   -0.0028
 -10.0   -56.0    0.0116   -0.0030
 -10.0   -55.0    0.0116   -0.0031
 -10.0   -54.0    0.0118   -0.0032
 -10.0   -53.0    0.0119   -0.0033
 -10.0   -52.0    0.0120   -0.0034
 -10.0   -51.0    0.0122   -0.0037
 -10.0   -50.0    0.0122   -0.0038
 -10.0   -49.0    0.0122   -0.0041
 -10.0   -48.0    0.0123   -0.0041
 -10.0   -47.0    0.0124   -0.0043
 -10.0   -46.0    0.0124   -0.0044
 -10.0   -45.0    0.0125   -0.0046
 -10.0   -44.0    0.0124   -0.0046
 -10.0   -43.0    0.0124   -0.0046
 -10.0   -42.0    0.0123   -0.0045
 -10.0   -41.0    0.0122   -0.0044
 -10.0   -40.0    0.0121   -0.0043
 -10.0   -39.0    0.0122   -0.0044
 -10.0   -38.0    0.0121   -0.0042
 -10.0   -37.0    0.0121   -0.0042
 -10.0   -36.0    0.0120   -0.0042
 -11.0   -78.0    0.0086    0.0204
 -11.0   -77.0    0.0082    0.0198
 -11.0   -76.0    0.0086    0.0186
 -11.0   -75.0    0.0098    0.0177
 -11.0   -74.0    0.0106    0.0168
 -11.0   -73.0    0.0112    0.0140
 -11.0   -72.0    0.0082    0.0007
 -11.0   -71.0    0.0082    0.0009
 -11.0   -70.0    0.0084    0.0009
 -11.0   -69.0    0.0088    0.0007
 -11.0   -68.0    0.0094    0.0003
 -11.0   -67.0    0.0103   -0.0002
 -11.0   -66.0    0.0111   -0.0006
 -11.0   -65.0    0.0110   -0.0009
 -11.0   -64.0    0.0110   -0.0012
 -11.0   -63.0    0.0110   -0.0014
 -11.0   -62.0    0.0110   -0.0015
 -11.0   -61.0    0.0111   -0.0020
 -11.0   -60.0    0.0112   -0.0021
 -11.0   -59.0    0.0113   -0.0023
 -11.0   -58.0    0.0114   -0.0026
 -11.0   -57.0    0.0115   -0.0027
 -11.0   -56.0    0.0116   -0.0029
 -11.0   -55.0    0.0117   -0.0031
 -11.0   -54.0    0.0119   -0.0032
 -11.0   -53.0    0.0120   -0.0034
 -11.0   -52.0    0.0120   -0.0035
 -11.0   -51.0    0.0122   -0.0037
 -11.0   -50.0    0.0122   -0.0038
 -11.0   -49.0    0.0122   -0.0040
 -11.0   -48.0    0.0124   -0.0041
 -11.0   -47.0    0.0124   -0.0043
 -11.0   -46.0    0.0124   -0.0047
 -11.0   -45.0    0.0126   -0.0046
 -11.0   -44.0    0.0125   -0.0049
 -11.0   -43.0    0.0124   -0.0048
 -11.0   -42.0    0.0123   -0.0048
 -11.0   -41.0    0.0122   -0.0045
 -11.0   -40.0    0.0122   -0.0044
 -11.0   -39.0    0.0122   -0.0043
 -11.0   -38.0    0.0122   -0.0042
 -11.0   -37.0    0.0121   -0.0042
 -12.0   -78.0    0.0087    0.0219
 -12.0   -77.0    0.0065    0.0249
 -12.0   -76.0    0.0073    0.0215
 -12.0   -75.0    0.0092    0.0188
 -12.0   -74.0    0.0108    0.0184
 -12.0   -73.0    0.0121    0.0183
 -12.0   -72.0    0.0105    0.0173
 -12.0   -71.0    0.0079    0.0014
 -12.0   -70.0    0.0080    0.0019
 -12.0   -69.0    0.0083    0.0016
 -12.0   -68.0    0.0092    0.0009
 -12.0   -67.0    0.0100    0.0004
 -12.0   -66.0    0.0106   -0.0003
 -12.0   -65.0    0.0109   -0.0006
 -12.0   -64.0    0.0110   -0.0012
 -12.0   -63.0    0.0110   -0.0012
 -12.0   -62.0    0.0110   -0.0015
 -12.0   -61.0    0.0111   -0.0018
 -12.0   -60.0    0.0112   -0.0021
 -12.0   -59.0    0.0114   -0.0025
 -12.0   -58.0    0.0114   -0.0026
 -12.0   -57.0    0.0116   -0.0027
 -12.0   -56.0    0.0117   -0.0030
 -12.0   -55.0    0.0117   -0.0031
 -12.0   -54.0    0.0119   -0.0033
 -12.0   -53.0    0.0120   -0.0033
 -12.0   -52.0    0.0120   -0.0034
 -12.0   -51.0    0.0122   -0.0037
 -12.0   -50.0    0.0122   -0.0036
 -12.0   -49.0    0.0122   -0.0040
 -12.0   -48.0    0.0123   -0.0042
 -12.0   -47.0    0.0124   -0.0043
 -12.0   -46.0    0.0124   -0.0048
 -12.0   -45.0    0.0126   -0.0052
 -12.0   -44.0    0.0127   -0.0054
 -12.0   -43.0    0.0126   -0.0054
 -12.0   -42.0    0.0124   -0.0051
 -12.0   -41.0    0.0123   -0.0048
 -12.0   -40.0    0.0122   -0.0044
 -12.0   -39.0    0.0122   -0.0043
 -12.0   -38.0    0.0122   -0.0042
 -12.0   -37.0    0.0121   -0.0042
 -13.0   -77.0    0.0058    0.0276
 -13.0   -76.0    0.0042    0.0278
 -13.0   -75.0    0.0081    0.0231
 -13.0   -74.0    0.0103    0.0204
 -13.0   -73.0    0.0120    0.0183
 -13.0   -72.0    0.0134    0.0159
 -13.0   -71.0    0.0130    0.0148
 -13.0   -70.0    0.0112    0.0093
 -13.0   -69.0    0.0079    0.0024
 -13.0   -68.0    0.0092    0.0008
 -13.0   -67.0    0.0100    0.0002
 -13.0   -66.0    0.0104   -0.0002
 -13.0   -65.0    0.0107   -0.0006
 -13.0   -64.0    0.0109   -0.0009
 -13.0   -63.0    0.0110   -0.0012
 -13.0   -62.0    0.0111   -0.0015
 -13.0   -61.0    0.0112   -0.0018
 -13.0   -60.0    0.0113   -0.0021
 -13.0   -59.0    0.0114   -0.0024
 -13.0   -58.0    0.0114   -0.0025
 -13.0   -57.0    0.0116   -0.0028
 -13.0   -56.0    0.0117   -0.0030
 -13.0   -55.0    0.0117   -0.0031
 -13.0   -54.0    0.0119   -0.0032
 -13.0   -53.0    0.0120   -0.0032
 -13.0   -52.0    0.0121   -0.0034
 -13.0   -51.0    0.0122   -0.0036
 -13.0   -50.0    0.0122   -0.0037
 -13.0   -49.0    0.0122   -0.0039
 -13.0   -48.0    0.0123   -0.0041
 -13.0   -47.0    0.0123   -0.0044
 -13.0   -46.0    0.0124   -0.0048
 -13.0   -45.0    0.0126   -0.0052
 -13.0   -44.0    0.0128   -0.0059
 -13.0   -43.0    0.0127   -0.0060
 -13.0   -42.0    0.0125   -0.0054
 -13.0   -41.0    0.0124   -0.0049
 -13.0   -40.0    0.0122   -0.0044
 -13.0   -39.0    0.0122   -0.0041
 -13.0   -38.0    0.0121   -0.0039
 -14.0   -76.0    0.0062    0.0309
 -14.0   -75.0    0.0075    0.0262
 -14.0   -74.0    0.0088    0.0209
 -14.0   -73.0    0.0107    0.0209
 -14.0   -72.0    0.0130    0.0174
 -14.0   -71.0    0.0136    0.0168
 -14.0   -70.0    0.0133    0.0151
 -14.0   -69.0    0.0130    0.0139
 -14.0   -68.0    0.0116    0.0092
 -14.0   -67.0    0.0099    0.0003
 -14.0   -66.0    0.0104   -0.0001
 -14.0   -65.0    0.0107   -0.0004
 -14.0   -64.0    0.0109   -0.0007
 -14.0   -63.0    0.0110   -0.0011
 -14.0   -62.0    0.0110   -0.0013
 -14.0   -61.0    0.0111   -0.0017
 -14.0   -60.0    0.0113   -0.0020
 -14.0   -59.0    0.0115   -0.0023
 -14.0   -58.0    0.0116   -0.0026
 -14.0   -57.0    0.0116   -0.0029
 -14.0   -56.0    0.0117   -0.0031
 -14.0   -55.0    0.0117   -0.0033
 -14.0   -54.0    0.0119   -0.0033
 -14.0   -53.0    0.0121   -0.0034
 -14.0   -52.0    0.0121   -0.0034
 -14.0   -51.0    0.0122   -0.0036
 -14.0   -50.0    0.0123   -0.0037
 -14.0   -49.0    0.0122   -0.0040
 -14.0   -48.0    0.0123   -0.0042
 -14.0   -47.0    0.0123   -0.0045
 -14.0   -46.0    0.0123   -0.0047
 -14.0   -45.0    0.0125   -0.0051
 -14.0   -44.0    0.0127   -0.0055
 -14.0   -43.0    0.0128   -0.0057
 -14.0   -42.0    0.0126   -0.0052
 -14.0   -41.0    0.0124   -0.0048
 -14.0   -40.0    0.0124   -0.0044
 -14.0   -39.0    0.0123   -0.0043
 -15.0   -76.0    0.0078    0.0275
 -15.0   -75.0    0.0072    0.0276
 -15.0   -74.0    0.0080    0.0272
 -15.0   -73.0    0.0088    0.0294
 -15.0   -72.0    0.0120    0.0228
 -15.0   -71.0    0.0131    0.0175
 -15.0   -70.0    0.0133    0.0143
 -15.0   -69.0    0.0133    0.0135
 -15.0   -68.0    0.0130    0.0109
 -15.0   -67.0    0.0123    0.0084
 -15.0   -66.0    0.0105   -0.0004
 -15.0   -65.0    0.0107   -0.0005
 -15.0   -64.0    0.0109   -0.0007
 -15.0   -63.0    0.0109   -0.0010
 -15.0   -62.0    0.0109   -0.0012
 -15.0   -61.0    0.0111   -0.0015
 -15.0   -60.0    0.0112   -0.0018
 -15.0   -59.0    0.0114   -0.0022
 -15.0   -58.0    0.0115   -0.0025
 -15.0   -57.0    0.0116   -0.0031
 -15.0   -56.0    0.0116   -0.0034
 -15.0   -55.0    0.0117   -0.0035
 -15.0   -54.0    0.0119   -0.0033
 -15.0   -53.0    0.0121   -0.0033
 -15.0   -52.0    0.0121   -0.0033
 -15.0   -51.0    0.0122   -0.0034
 -15.0   -50.0    0.0122   -0.0037
 -15.0   -49.0    0.0122   -0.0039
 -15.0   -48.0    0.0123   -0.0043
 -15.0   -47.0    0.0123   -0.0043
 -15.0   -46.0    0.0123   -0.0045
 -15.0   -45.0    0.0125   -0.0047
 -15.0   -44.0    0.0126   -0.0049
 -15.0   -43.0    0.0127   -0.0049
 -15.0   -42.0    0.0126   -0.0048
 -15.0   -41.0    0.0125   -0.0046
 -15.0   -40.0    0.0124   -0.0044
 -15.0   -39.0    0.0124   -0.0042
 -16.0   -75.0    0.0082    0.0272
 -16.0   -74.0    0.0083    0.0286
 -16.0   -73.0    0.0106    0.0284
 -16.0   -72.0    0.0123    0.0222
 -16.0   -71.0    0.0124    0.0167
 -16.0   -70.0    0.0128    0.0151
 -16.0   -69.0    0.0135    0.0128
 -16.0   -68.0    0.0136    0.0117
 -16.0   -67.0    0.0147    0.0100
 -16.0   -66.0    0.0143    0.0081
 -16.0   -65.0    0.0111   -0.0005
 -16.0   -64.0    0.0112   -0.0006
 -16.0   -63.0    0.0111   -0.0007
 -16.0   -62.0    0.0110   -0.0009
 -16.0   -61.0    0.0111   -0.0013
 -16.0   -60.0    0.0112   -0.0015
 -16.0   -59.0    0.0114   -0.0020
 -16.0   -58.0    0.0114   -0.0024
 -16.0   -57.0    0.0115   -0.0030
 -16.0   -56.0    0.0116   -0.0033
 -16.0   -55.0    0.0118   -0.0032
 -16.0   -54.0    0.0120   -0.0031
 -16.0   -53.0    0.0122   -0.0031
 -16.0   -52.0    0.0122   -0.0033
 -16.0   -51.0    0.0123   -0.0032
 -16.0   -50.0    0.0122   -0.0036
 -16.0   -49.0    0.0122   -0.0038
 -16.0   -48.0    0.0121   -0.0045
 -16.0   -47.0    0.0123   -0.0044
 -16.0   -46.0    0.0124   -0.0043
 -16.0   -45.0    0.0125   -0.0045
 -16.0   -44.0    0.0125   -0.0045
 -16.0   -43.0    0.0126   -0.0046
 -16.0   -42.0    0.0126   -0.0044
 -16.0   -41.0    0.0125   -0.0044
 -16.0   -40.0    0.0125   -0.0043
 -16.0   -39.0    0.0125   -0.0042
 -17.0   -73.0    0.0126    0.0261
 -17.0   -72.0    0.0125    0.0216
 -17.0   -71.0    0.0126    0.0187
 -17.0   -70.0    0.0126    0.0176
 -17.0   -69.0    0.0136    0.0129
 -17.0   -68.0    0.0147    0.0140
 -17.0   -67.0    0.0159    0.0130
 -17.0   -66.0    0.0151    0.0095
 -17.0   -65.0    0.0126    0.0042
 -17.0   -64.0    0.0111   -0.0004
 -17.0   -63.0    0.0110   -0.0005
 -17.0   -62.0    0.0109   -0.0007
 -17.0   -61.0    0.0108   -0.0009
 -17.0   -60.0    0.0110   -0.0011
 -17.0   -59.0    0.0115   -0.0015
 -17.0   -58.0    0.0116   -0.0018
 -17.0   -57.0    0.0117   -0.0023
 -17.0   -56.0    0.0118   -0.0027
 -17.0   -55.0    0.0119   -0.0027
 -17.0   -54.0    0.0121   -0.0029
 -17.0   -53.0    0.0122   -0.0029
 -17.0   -52.0    0.0123   -0.0030
 -17.0   -51.0    0.0123   -0.0033
 -17.0   -50.0    0.0123   -0.0034
 -17.0   -49.0    0.0122   -0.0037
 -17.0   -48.0    0.0123   -0.0039
 -17.0   -47.0    0.0123   -0.0040
 -17.0   -46.0    0.0124   -0.0041
 -17.0   -45.0    0.0125   -0.0042
 -17.0   -44.0    0.0126   -0.0043
 -17.0   -43.0    0.0126   -0.0042
 -17.0   -42.0    0.0126   -0.0043
 -17.0   -41.0    0.0125   -0.0043
 -17.0   -40.0    0.0125   -0.0042
 -17.0   -39.0    0.0125   -0.0042
 -18.0   -72.0    0.0135    0.0218
 -18.0   -71.0    0.0147    0.0233
 -18.0   -70.0    0.0167    0.0179
 -18.0   -69.0    0.0162    0.0154
 -18.0   -68.0    0.0158    0.0171
 -18.0   -67.0    0.0166    0.0161
 -18.0   -66.0    0.0150    0.0139
 -18.0   -65.0    0.0152    0.0127
 -18.0   -64.0    0.0135    0.0078
 -18.0   -63.0    0.0111   -0.0002
 -18.0   -62.0    0.0110   -0.0003
 -18.0   -61.0    0.0105   -0.0004
 -18.0   -60.0    0.0110   -0.0007
 -18.0   -59.0    0.0115   -0.0011
 -18.0   -58.0    0.0116   -0.0014
 -18.0   -57.0    0.0118   -0.0017
 -18.0   -56.0    0.0120   -0.0021
 -18.0   -55.0    0.0121   -0.0022
 -18.0   -54.0    0.0122   -0.0025
 -18.0   -53.0    0.0123   -0.0028
 -18.0   -52.0    0.0123   -0.0029
 -18.0   -51.0    0.0123   -0.0031
 -18.0   -50.0    0.0124   -0.0033
 -18.0   -49.0    0.0123   -0.0035
 -18.0   -48.0    0.0124   -0.0037
 -18.0   -47.0    0.0124   -0.0038
 -18.0   -46.0    0.0124   -0.0039
 -18.0   -45.0    0.0126   -0.0039
 -18.0   -44.0    0.0126   -0.0040
 -18.0   -43.0    0.0126   -0.0041
 -18.0   -42.0    0.0126   -0.0042
 -18.0   -41.0    0.0125   -0.0042
 -18.0   -40.0    0.0126   -0.0041
 -18.0   -39.0    0.0126   -0.0042
 -19.0   -71.0    0.0155    0.0220
 -19.0   -70.0    0.0152    0.0185
 -19.0   -69.0    0.0170    0.0212
 -19.0   -68.0    0.0169    0.0191
 -19.0   -67.0    0.0169    0.0179
 -19.0   -66.0    0.0162    0.0163
 -19.0   -65.0    0.0155    0.0159
 -19.0   -64.0    0.0140    0.0114
 -19.0   -63.0    0.0123    0.0056
 -19.0   -62.0    0.0114    0.0004
 -19.0   -61.0    0.0113    0.0002
 -19.0   -60.0    0.0114   -0.0001
 -19.0   -59.0    0.0117   -0.0006
 -19.0   -58.0    0.0118   -0.0011
 -19.0   -57.0    0.0119   -0.0013
 -19.0   -56.0    0.0120   -0.0017
 -19.0   -55.0    0.0121   -0.0020
 -19.0   -54.0    0.0122   -0.0023
 -19.0   -53.0    0.0124   -0.0025
 -19.0   -52.0    0.0124   -0.0028
 -19.0   -51.0    0.0124   -0.0029
 -19.0   -50.0    0.0124   -0.0031
 -19.0   -49.0    0.0124   -0.0033
 -19.0   -48.0    0.0125   -0.0034
 -19.0   -47.0    0.0125   -0.0036
 -19.0   -46.0    0.0125   -0.0038
 -19.0   -45.0    0.0127   -0.0039
 -19.0   -44.0    0.0126   -0.0041
 -19.0   -43.0    0.0126   -0.0042
 -19.0   -42.0    0.0126   -0.0042
 -19.0   -41.0    0.0126   -0.0041
 -19.0   -40.0    0.0126   -0.0041
 -19.0   -39.0    0.0127   -0.0040
 -20.0   -71.0    0.0167    0.0227
 -20.0   -70.0    0.0143    0.0161
 -20.0   -69.0    0.0176    0.0208
 -20.0   -68.0    0.0171    0.0190
 -20.0   -67.0    0.0196    0.0198
 -20.0   -66.0    0.0167    0.0171
 -20.0   -65.0    0.0145    0.0138
 -20.0   -64.0    0.0127    0.0087
 -20.0   -63.0    0.0119    0.0047
 -20.0   -62.0    0.0122    0.0018
 -20.0   -61.0    0.0120    0.0010
 -20.0   -60.0    0.0119    0.0005
 -20.0   -59.0    0.0119   -0.0002
 -20.0   -58.0    0.0119   -0.0007
 -20.0   -57.0    0.0120   -0.0011
 -20.0   -56.0    0.0121   -0.0015
 -20.0   -55.0    0.0121   -0.0018
 -20.0   -54.0    0.0123   -0.0020
 -20.0   -53.0    0.0124   -0.0024
 -20.0   -52.0    0.0124   -0.0027
 -20.0   -51.0    0.0125   -0.0029
 -20.0   -50.0    0.0124   -0.0030
 -20.0   -49.0    0.0124   -0.0032
 -20.0   -48.0    0.0125   -0.0034
 -20.0   -47.0    0.0125   -0.0035
 -20.0   -46.0    0.0126   -0.0038
 -20.0   -45.0    0.0128   -0.0040
 -20.0   -44.0    0.0127   -0.0042
 -20.0   -43.0    0.0125   -0.0045
 -20.0   -42.0    0.0126   -0.0044
 -20.0   -41.0    0.0126   -0.0042
 -20.0   -40.0    0.0126   -0.0041
 -21.0   -71.0    0.0173    0.0239
 -21.0   -70.0    0.0218    0.0272
 -21.0   -69.0    0.0175    0.0169
 -21.0   -68.0    0.0148    0.0163
 -21.0   -67.0    0.0163    0.0167
 -21.0   -66.0    0.0153    0.0151
 -21.0   -65.0    0.0132    0.0144
 -21.0   -64.0    0.0129    0.0130
 -21.0   -63.0    0.0129    0.0059
 -21.0   -62.0    0.0130    0.0040
 -21.0   -61.0    0.0123    0.0022
 -21.0   -60.0    0.0121    0.0010
 -21.0   -59.0    0.0120    0.0002
 -21.0   -58.0    0.0120   -0.0005
 -21.0   -57.0    0.0120   -0.0009
 -21.0   -56.0    0.0122   -0.0014
 -21.0   -55.0    0.0121   -0.0017
 -21.0   -54.0    0.0123   -0.0021
 -21.0   -53.0    0.0124   -0.0024
 -21.0   -52.0    0.0125   -0.0028
 -21.0   -51.0    0.0126   -0.0031
 -21.0   -50.0    0.0125   -0.0031
 -21.0   -49.0    0.0124   -0.0032
 -21.0   -48.0    0.0125   -0.0034
 -21.0   -47.0    0.0126   -0.0035
 -21.0   -46.0    0.0127   -0.0037
 -21.0   -45.0    0.0129   -0.0040
 -21.0   -44.0    0.0130   -0.0045
 -21.0   -43.0    0.0127   -0.0049
 -21.0   -42.0    0.0128   -0.0045
 -21.0   -41.0    0.0127   -0.0043
 -21.0   -40.0    0.0127   -0.0041
 -22.0   -71.0    0.0177    0.0250
 -22.0   -70.0    0.0209    0.0271
 -22.0   -69.0    0.0168    0.0195
 -22.0   -68.0    0.0161    0.0162
 -22.0   -67.0    0.0155    0.0144
 -22.0   -66.0    0.0147    0.0115
 -22.0   -65.0    0.0131    0.0113
 -22.0   -64.0    0.0121    0.0126
 -22.0   -63.0    0.0137    0.0050
 -22.0   -62.0    0.0128    0.0037
 -22.0   -61.0    0.0123    0.0022
 -22.0   -60.0    0.0121    0.0011
 -22.0   -59.0    0.0120    0.0002
 -22.0   -58.0    0.0120   -0.0005
 -22.0   -57.0    0.0120   -0.0009
 -22.0   -56.0    0.0121   -0.0014
 -22.0   -55.0    0.0121   -0.0017
 -22.0   -54.0    0.0123   -0.0021
 -22.0   -53.0    0.0125   -0.0025
 -22.0   -52.0    0.0125   -0.0030
 -22.0   -51.0    0.0127   -0.0034
 -22.0   -50.0    0.0125   -0.0033
 -22.0   -49.0    0.0125   -0.0033
 -22.0   -48.0    0.0126   -0.0033
 -22.0   -47.0    0.0126   -0.0035
 -22.0   -46.0    0.0127   -0.0037
 -22.0   -45.0    0.0131   -0.0040
 -22.0   -44.0    0.0135   -0.0043
 -22.0   -43.0    0.0136   -0.0045
 -22.0   -42.0    0.0132   -0.0043
 -22.0   -41.0    0.0129   -0.0042
 -23.0   -71.0    0.0175    0.0227
 -23.0   -70.0    0.0167    0.0233
 -23.0   -69.0    0.0156    0.0203
 -23.0   -68.0    0.0155    0.0153
 -23.0   -67.0    0.0148    0.0117
 -23.0   -66.0    0.0142    0.0083
 -23.0   -65.0    0.0139    0.0079
 -23.0   -64.0    0.0133    0.0076
 -23.0   -63.0    0.0130    0.0026
 -23.0   -62.0    0.0125    0.0021
 -23.0   -61.0    0.0121    0.0014
 -23.0   -60.0    0.0120    0.0005
 -23.0   -59.0    0.0120   -0.0002
 -23.0   -58.0    0.0119   -0.0006
 -23.0   -57.0    0.0120   -0.0010
 -23.0   -56.0    0.0121   -0.0014
 -23.0   -55.0    0.0121   -0.0017
 -23.0   -54.0    0.0123   -0.0021
 -23.0   -53.0    0.0124   -0.0024
 -23.0   -52.0    0.0125   -0.0027
 -23.0   -51.0    0.0126   -0.0031
 -23.0   -50.0    0.0125   -0.0032
 -23.0   -49.0    0.0124   -0.0033
 -23.0   -48.0    0.0125   -0.0034
 -23.0   -47.0    0.0126   -0.0034
 -23.0   -46.0    0.0128   -0.0036
 -23.0   -45.0    0.0132   -0.0038
 -23.0   -44.0    0.0140   -0.0041
 -23.0   -43.0    0.0142   -0.0044
 -23.0   -42.0    0.0135   -0.0043
 -24.0   -71.0    0.0169    0.0204
 -24.0   -70.0    0.0177    0.0201
 -24.0   -69.0    0.0140    0.0164
 -24.0   -68.0    0.0149    0.0098
 -24.0   -67.0    0.0143    0.0092
 -24.0   -66.0    0.0133    0.0075
 -24.0   -65.0    0.0129    0.0071
 -24.0   -64.0    0.0138    0.0037
 -24.0   -63.0    0.0126    0.0011
 -24.0   -62.0    0.0123    0.0009
 -24.0   -61.0    0.0121    0.0008
 -24.0   -60.0    0.0120    0.0002
 -24.0   -59.0    0.0120   -0.0004
 -24.0   -58.0    0.0119   -0.0010
 -24.0   -57.0    0.0120   -0.0012
 -24.0   -56.0    0.0122   -0.0015
 -24.0   -55.0    0.0123   -0.0017
 -24.0   -54.0    0.0124   -0.0020
 -24.0   -53.0    0.0124   -0.0023
 -24.0   -52.0    0.0124   -0.0026
 -24.0   -51.0    0.0125   -0.0028
 -24.0   -50.0    0.0124   -0.0031
 -24.0   -49.0    0.0124   -0.0033
 -24.0   -48.0    0.0125   -0.0034
 -24.0   -47.0    0.0126   -0.0035
 -24.0   -46.0    0.0128   -0.0035
 -25.0   -71.0    0.0168    0.0227
 -25.0   -70.0    0.0180    0.0208
 -25.0   -69.0    0.0143    0.0122
 -25.0   -68.0    0.0148    0.0093
 -25.0   -67.0    0.0141    0.0081
 -25.0   -66.0    0.0124    0.0066
 -25.0   -65.0    0.0122    0.0049
 -25.0   -64.0    0.0124    0.0008
 -25.0   -63.0    0.0123    0.0006
 -25.0   -62.0    0.0122    0.0005
 -25.0   -61.0    0.0121    0.0002
 -25.0   -60.0    0.0120   -0.0002
 -25.0   -59.0    0.0120   -0.0008
 -25.0   -58.0    0.0119   -0.0014
 -25.0   -57.0    0.0120   -0.0016
 -25.0   -56.0    0.0122   -0.0017
 -25.0   -55.0    0.0125   -0.0019
 -25.0   -54.0    0.0125   -0.0020
 -25.0   -53.0    0.0124   -0.0022
 -25.0   -52.0    0.0124   -0.0025
 -25.0   -51.0    0.0124   -0.0029
 -25.0   -50.0    0.0124   -0.0034
 -25.0   -49.0    0.0123   -0.0035
 -25.0   -48.0    0.0125   -0.0034
 -25.0   -47.0    0.0126   -0.0034
 -26.0   -71.0    0.0175    0.0257
 -26.0   -70.0    0.0179    0.0207
 -26.0   -69.0    0.0166    0.0150
 -26.0   -68.0    0.0154    0.0113
 -26.0   -67.0    0.0140    0.0082
 -26.0   -66.0    0.0127    0.0064
 -26.0   -65.0    0.0121    0.0043
 -26.0   -64.0    0.0122    0.0011
 -26.0   -63.0    0.0123    0.0008
 -26.0   -62.0    0.0121    0.0005
 -26.0   -61.0    0.0120   -0.0000
 -26.0   -60.0    0.0119   -0.0004
 -26.0   -59.0    0.0119   -0.0009
 -26.0   -58.0    0.0119   -0.0013
 -26.0   -57.0    0.0120   -0.0016
 -26.0   -56.0    0.0122   -0.0016
 -26.0   -55.0    0.0125   -0.0018
 -26.0   -54.0    0.0126   -0.0020
 -26.0   -53.0    0.0124   -0.0022
 -26.0   -52.0    0.0123   -0.0025
 -26.0   -51.0    0.0123   -0.0029
 -26.0   -50.0    0.0123   -0.0033
 -26.0   -49.0    0.0123   -0.0034
 -26.0   -48.0    0.0125   -0.0034
 -27.0   -71.0    0.0186    0.0241
 -27.0   -70.0    0.0159    0.0205
 -27.0   -69.0    0.0177    0.0127
 -27.0   -68.0    0.0159    0.0115
 -27.0   -67.0    0.0133    0.0059
 -27.0   -66.0    0.0124    0.0043
 -27.0   -65.0    0.0114    0.0021
 -27.0   -64.0    0.0122    0.0017
 -27.0   -63.0    0.0122    0.0013
 -27.0   -62.0    0.0119    0.0005
 -27.0   -61.0    0.0119    0.0000
 -27.0   -60.0    0.0119   -0.0004
 -27.0   -59.0    0.0119   -0.0007
 -27.0   -58.0    0.0119   -0.0011
 -27.0   -57.0    0.0120   -0.0013
 -27.0   -56.0    0.0122   -0.0014
 -27.0   -55.0    0.0123   -0.0016
 -27.0   -54.0    0.0124   -0.0019
 -27.0   -53.0    0.0124   -0.0021
 -27.0   -52.0    0.0122   -0.0024
 -27.0   -51.0    0.0123   -0.0026
 -27.0   -50.0    0.0122   -0.0029
 -27.0   -49.0    0.0123   -0.0031
 -27.0   -48.0    0.0125   -0.0031
 -28.0   -72.0    0.0181    0.0237
 -28.0   -71.0    0.0187    0.0247
 -28.0   -70.0    0.0165    0.0189
 -28.0   -69.0    0.0154    0.0148
 -28.0   -68.0    0.0143    0.0095
 -28.0   -67.0    0.0129    0.0057
 -28.0   -66.0    0.0129    0.0050
 -28.0   -65.0    0.0125    0.0019
 -28.0   -64.0    0.0123    0.0036
 -28.0   -63.0    0.0119    0.0013
 -28.0   -62.0    0.0118    0.0006
 -28.0   -61.0    0.0118    0.0000
 -28.0   -60.0    0.0118   -0.0004
 -28.0   -59.0    0.0119   -0.0007
 -28.0   -58.0    0.0119   -0.0010
 -28.0   -57.0    0.0120   -0.0012
 -28.0   -56.0    0.0121   -0.0013
 -28.0   -55.0    0.0121   -0.0015
 -28.0   -54.0    0.0122   -0.0017
 -28.0   -53.0    0.0122   -0.0020
 -28.0   -52.0    0.0122   -0.0022
 -28.0   -51.0    0.0123   -0.0024
 -28.0   -50.0    0.0123   -0.0026
 -28.0   -49.0    0.0123   -0.0028
 -28.0   -48.0    0.0125   -0.0029
 -29.0   -72.0    0.0189    0.0215
 -29.0   -71.0    0.0177    0.0206
 -29.0   -70.0    0.0156    0.0195
 -29.0   -69.0    0.0153    0.0134
 -29.0   -68.0    0.0129    0.0086
 -29.0   -67.0    0.0133    0.0073
 -29.0   -66.0    0.0129    0.0052
 -29.0   -65.0    0.0143    0.0017
 -29.0   -64.0    0.0124    0.0009
 -29.0   -63.0    0.0115    0.0004
 -29.0   -62.0    0.0115    0.0001
 -29.0   -61.0    0.0117   -0.0002
 -29.0   -60.0    0.0118   -0.0004
 -29.0   -59.0    0.0119   -0.0007
 -29.0   -58.0    0.0119   -0.0009
 -29.0   -57.0    0.0120   -0.0011
 -29.0   -56.0    0.0121   -0.0013
 -29.0   -55.0    0.0120   -0.0014
 -29.0   -54.0    0.0121   -0.0016
 -29.0   -53.0    0.0121   -0.0019
 -29.0   -52.0    0.0120   -0.0021
 -29.0   -51.0    0.0121   -0.0023
 -29.0   -50.0    0.0122   -0.0025
 -29.0   -49.0    0.0123   -0.0026
 -30.0   -72.0    0.0177    0.0198
 -30.0   -71.0    0.0184    0.0195
 -30.0   -70.0    0.0163    0.0169
 -30.0   -69.0    0.0142    0.0110
 -30.0   -68.0    0.0117    0.0046
 -30.0   -67.0    0.0129    0.0063
 -30.0   -66.0    0.0125    0.0023
 -30.0   -65.0    0.0125    0.0009
 -30.0   -64.0    0.0111   -0.0007
 -30.0   -63.0    0.0110   -0.0006
 -30.0   -62.0    0.0114   -0.0002
 -30.0   -61.0    0.0117   -0.0002
 -30.0   -60.0    0.0118   -0.0004
 -30.0   -59.0    0.0119   -0.0006
 -30.0   -58.0    0.0119   -0.0008
 -30.0   -57.0    0.0119   -0.0010
 -30.0   -56.0    0.0120   -0.0013
 -30.0   -55.0    0.0120   -0.0015
 -30.0   -54.0    0.0120   -0.0017
 -30.0   -53.0    0.0120   -0.0019
 -30.0   -52.0    0.0119   -0.0022
 -30.0   -51.0    0.0119   -0.0025
 -30.0   -50.0    0.0121   -0.0025
 -31.0   -72.0    0.0184    0.0228
 -31.0   -71.0    0.0185    0.0198
 -31.0   -70.0    0.0167    0.0158
 -31.0   -69.0    0.0131    0.0091
 -31.0   -68.0    0.0121    0.0071
 -31.0   -67.0    0.0122    0.0051
 -31.0   -66.0    0.0116    0.0006
 -31.0   -65.0    0.0117    0.0003
 -31.0   -64.0    0.0112    0.0005
 -31.0   -63.0    0.0114    0.0004
 -31.0   -62.0    0.0116    0.0002
 -31.0   -61.0    0.0118   -0.0000
 -31.0   -60.0    0.0119   -0.0002
 -31.0   -59.0    0.0119   -0.0005
 -31.0   -58.0    0.0119   -0.0008
 -31.0   -57.0    0.0119   -0.0010
 -31.0   -56.0    0.0120   -0.0013
 -31.0   -55.0    0.0119   -0.0015
 -31.0   -54.0    0.0119   -0.0018
 -31.0   -53.0    0.0120   -0.0020
 -31.0   -52.0    0.0119   -0.0021
 -31.0   -51.0    0.0120   -0.0023
 -31.0   -50.0    0.0122   -0.0023
 -32.0   -72.0    0.0193    0.0232
 -32.0   -71.0    0.0183    0.0222
 -32.0   -70.0    0.0161    0.0168
 -32.0   -69.0    0.0140    0.0112
 -32.0   -68.0    0.0120    0.0079
 -32.0   -67.0    0.0118    0.0035
 -32.0   -66.0    0.0115    0.0010
 -32.0   -65.0    0.0117    0.0006
 -32.0   -64.0    0.0119    0.0017
 -32.0   -63.0    0.0119    0.0012
 -32.0   -62.0    0.0118    0.0007
 -32.0   -61.0    0.0119    0.0003
 -32.0   -60.0    0.0119   -0.0001
 -32.0   -59.0    0.0119   -0.0005
 -32.0   -58.0    0.0118   -0.0007
 -32.0   -57.0    0.0118   -0.0011
 -32.0   -56.0    0.0118   -0.0014
 -32.0   -55.0    0.0118   -0.0018
 -32.0   -54.0    0.0119   -0.0019
 -32.0   -53.0    0.0119   -0.0021
 -32.0   -52.0    0.0119   -0.0022
 -32.0   -51.0    0.0121   -0.0023
 -33.0   -72.0    0.0211    0.0252
 -33.0   -71.0    0.0164    0.0233
 -33.0   -70.0    0.0088    0.0150
 -33.0   -69.0    0.0091    0.0105
 -33.0   -68.0    0.0125    0.0071
 -33.0   -67.0    0.0109    0.0019
 -33.0   -66.0    0.0116    0.0018
 -33.0   -65.0    0.0125    0.0019
 -33.0   -64.0    0.0125    0.0019
 -33.0   -63.0    0.0122    0.0015
 -33.0   -62.0    0.0120    0.0010
 -33.0   -61.0    0.0119    0.0005
 -33.0   -60.0    0.0118   -0.0000
 -33.0   -59.0    0.0118   -0.0004
 -33.0   -58.0    0.0117   -0.0009
 -33.0   -57.0    0.0117   -0.0012
 -33.0   -56.0    0.0117   -0.0016
 -33.0   -55.0    0.0117   -0.0020
 -33.0   -54.0    0.0117   -0.0022
 -33.0   -53.0    0.0117   -0.0024
 -33.0   -52.0    0.0119   -0.0023
 -34.0   -72.0    0.0213    0.0260
 -34.0   -71.0    0.0194    0.0213
 -34.0   -70.0    0.0154    0.0156
 -34.0   -69.0    0.0145    0.0108
 -34.0   -68.0    0.0127    0.0077
 -34.0   -67.0    0.0118    0.0022
 -34.0   -66.0    0.0126    0.0023
 -34.0   -65.0    0.0139    0.0023
 -34.0   -64.0    0.0131    0.0022
 -34.0   -63.0    0.0125    0.0017
 -34.0   -62.0    0.0120    0.0011
 -34.0   -61.0    0.0119    0.0006
 -34.0   -60.0    0.0118   -0.0000
 -34.0   -59.0    0.0117   -0.0005
 -34.0   -58.0    0.0115   -0.0011
 -34.0   -57.0    0.0115   -0.0015
 -34.0   -56.0    0.0114   -0.0019
 -34.0   -55.0    0.0115   -0.0022
 -34.0   -54.0    0.0115   -0.0025
 -34.0   -53.0    0.0117   -0.0024
 -35.0   -73.0    0.0189    0.0309
 -35.0   -72.0    0.0198    0.0305
 -35.0   -71.0    0.0184    0.0247
 -35.0   -70.0    0.0158    0.0128
 -35.0   -69.0    0.0134    0.0083
 -35.0   -68.0    0.0123    0.0061
 -35.0   -67.0    0.0121    0.0025
 -35.0   -66.0    0.0130    0.0031
 -35.0   -65.0    0.0152    0.0045
 -35.0   -64.0    0.0132    0.0029
 -35.0   -63.0    0.0123    0.0019
 -35.0   -62.0    0.0119    0.0013
 -35.0   -61.0    0.0117    0.0008
 -35.0   -60.0    0.0117    0.0002
 -35.0   -59.0    0.0116   -0.0005
 -35.0   -58.0    0.0116   -0.0015
 -35.0   -57.0    0.0114   -0.0017
 -35.0   -56.0    0.0113   -0.0020
 -35.0   -55.0    0.0115   -0.0020
 -35.0   -54.0    0.0117   -0.0020
 -36.0   -73.0    0.0208    0.0352
 -36.0   -72.0    0.0135    0.0272
 -36.0   -71.0    0.0133    0.0229
 -36.0   -70.0    0.0112    0.0146
 -36.0   -69.0    0.0111    0.0094
 -36.0   -68.0    0.0110    0.0057
 -36.0   -67.0    0.0122    0.0015
 -36.0   -66.0    0.0125    0.0022
 -36.0   -65.0    0.0130    0.0026
 -36.0   -64.0    0.0124    0.0021
 -36.0   -63.0    0.0120    0.0019
 -36.0   -62.0    0.0117    0.0017
 -36.0   -61.0    0.0116    0.0012
 -36.0   -60.0    0.0116    0.0007
 -36.0   -59.0    0.0117    0.0001
 -36.0   -58.0    0.0116   -0.0004
 -36.0   -57.0    0.0116   -0.0009
 -36.0   -56.0    0.0116   -0.0011
 -37.0   -74.0    0.0199    0.0270
 -37.0   -73.0    0.0212    0.0310
 -37.0   -72.0    0.0152    0.0293
 -37.0   -71.0    0.0100    0.0177
 -37.0   -70.0    0.0080    0.0129
 -37.0   -69.0    0.0090    0.0069
 -37.0   -68.0    0.0107    0.0011
 -37.0   -67.0    0.0115    0.0012
 -37.0   -66.0    0.0118    0.0013
 -37.0   -65.0    0.0120    0.0013
 -37.0   -64.0    0.0118    0.0015
 -37.0   -63.0    0.0115    0.0019
 -37.0   -62.0    0.0113    0.0022
 -37.0   -61.0    0.0115    0.0021
 -37.0   -60.0    0.0116    0.0015
 -37.0   -59.0    0.0117    0.0010
 -37.0   -58.0    0.0117    0.0004
 -37.0   -57.0    0.0117   -0.0002
 -37.0   -56.0    0.0118   -0.0006
 -38.0   -74.0    0.0192    0.0219
 -38.0   -73.0    0.0182    0.0172
 -38.0   -72.0    0.0137    0.0123
 -38.0   -71.0    0.0087    0.0096
 -38.0   -70.0    0.0081    0.0051
 -38.0   -69.0    0.0100    0.0003
 -38.0   -68.0    0.0107    0.0011
 -38.0   -67.0    0.0112    0.0020
 -38.0   -66.0    0.0105    0.0033
 -38.0   -65.0    0.0113    0.0002
 -38.0   -64.0    0.0115    0.0008
 -38.0   -63.0    0.0113    0.0015
 -38.0   -62.0    0.0109    0.0047
 -38.0   -61.0    0.0112    0.0028
 -38.0   -60.0    0.0115    0.0018
 -38.0   -59.0    0.0116    0.0011
 -38.0   -58.0    0.0116    0.0006
 -38.0   -57.0    0.0117    0.0001
 -39.0   -74.0    0.0196    0.0197
 -39.0   -73.0    0.0188    0.0149
 -39.0   -72.0    0.0141    0.0071
 -39.0   -71.0    0.0097    0.0028
 -39.0   -70.0    0.0074    0.0012
 -39.0   -69.0    0.0128   -0.0001
 -39.0   -68.0    0.0125    0.0003
 -39.0   -67.0    0.0117    0.0010
 -39.0   -66.0    0.0110    0.0012
 -39.0   -65.0    0.0111    0.0007
 -39.0   -64.0    0.0114    0.0004
 -39.0   -63.0    0.0113   -0.0001
 -39.0   -62.0    0.0111    0.0002
 -39.0   -61.0    0.0112    0.0011
 -39.0   -60.0    0.0114    0.0011
 -39.0   -59.0    0.0116    0.0007
 -39.0   -58.0    0.0116    0.0004
 -40.0   -74.0    0.0192    0.0154
 -40.0   -73.0    0.0187    0.0085
 -40.0   -72.0    0.0159    0.0027
 -40.0   -71.0    0.0117   -0.0002
 -40.0   -70.0    0.0109    0.0008
 -40.0   -69.0    0.0128    0.0003
 -40.0   -68.0    0.0128    0.0002
 -40.0   -67.0    0.0121    0.0003
 -40.0   -66.0    0.0116    0.0005
 -40.0   -65.0    0.0114    0.0004
 -40.0   -64.0    0.0114    0.0001
 -40.0   -63.0    0.0114    0.0001
 -40.0   -62.0    0.0113    0.0000
 -41.0   -75.0    0.0180    0.0137
 -41.0   -74.0    0.0190    0.0119
 -41.0   -73.0    0.0164    0.0034
 -41.0   -72.0    0.0139   -0.0006
 -41.0   -71.0    0.0115   -0.0057
 -41.0   -70.0    0.0136   -0.0045
 -41.0   -69.0    0.0138   -0.0019
 -41.0   -68.0    0.0123    0.0003
 -41.0   -67.0    0.0122    0.0002
 -41.0   -66.0    0.0119    0.0001
 -41.0   -65.0    0.0117    0.0000
 -41.0   -64.0    0.0115   -0.0001
 -41.0   -63.0    0.0115   -0.0001
 -41.0   -62.0    0.0115   -0.0001
 -42.0   -75.0    0.0180    0.0137
 -42.0   -74.0    0.0215    0.0168
 -42.0   -73.0    0.0164    0.0061
 -42.0   -72.0    0.0134   -0.0028
 -42.0   -71.0    0.0122   -0.0058
 -42.0   -70.0    0.0142   -0.0023
 -42.0   -69.0    0.0152   -0.0018
 -42.0   -68.0    0.0139   -0.0006
 -42.0   -67.0    0.0122   -0.0002
 -42.0   -66.0    0.0124   -0.0005
 -42.0   -65.0    0.0119   -0.0004
 -42.0   -64.0    0.0116   -0.0006
 -42.0   -63.0    0.0116   -0.0004
 -42.0   -62.0    0.0115   -0.0002
 -43.0   -75.0    0.0165    0.0107
 -43.0   -74.0    0.0160    0.0085
 -43.0   -73.0    0.0149    0.0058
 -43.0   -72.0    0.0135    0.0021
 -43.0   -71.0    0.0137    0.0009
 -43.0   -70.0    0.0143    0.0004
 -43.0   -69.0    0.0151    0.0008
 -43.0   -68.0    0.0122    0.0001
 -43.0   -67.0    0.0124   -0.0004
 -43.0   -66.0    0.0128   -0.0010
 -43.0   -65.0    0.0118   -0.0017
 -43.0   -64.0    0.0115   -0.0013
 -44.0   -75.0    0.0153    0.0090
 -44.0   -74.0    0.0149    0.0074
 -44.0   -73.0    0.0143    0.0057
 -44.0   -72.0    0.0136    0.0039
 -44.0   -71.0    0.0134    0.0028
 -44.0   -70.0    0.0138    0.0022
 -44.0   -69.0    0.0139    0.0007
 -44.0   -68.0    0.0121    0.0002
 -44.0   -67.0    0.0122   -0.0001
 -44.0   -66.0    0.0123   -0.0008
 -44.0   -65.0    0.0120   -0.0011
 -45.0   -75.0    0.0147    0.0084
 -45.0   -74.0    0.0144    0.0068
 -45.0   -73.0    0.0140    0.0049
 -45.0   -72.0    0.0128    0.0028
 -45.0   -71.0    0.0130    0.0019
 -45.0   -70.0    0.0132    0.0009
 -45.0   -69.0    0.0133   -0.0015
 -45.0   -68.0    0.0121    0.0004
 -45.0   -67.0    0.0120    0.0001
 -45.0   -66.0    0.0122    0.0001
 -45.0   -65.0    0.0121    0.0000
 -46.0   -75.0    0.0144    0.0082
 -46.0   -74.0    0.0142    0.0069
 -46.0   -73.0    0.0138    0.0050
 -46.0   -72.0    0.0127    0.0012
 -46.0   -71.0    0.0132    0.0003
 -46.0   -70.0    0.0138    0.0003
 -46.0   -69.0    0.0132   -0.0023
 -46.0   -68.0    0.0125   -0.0001
 -46.0   -67.0    0.0123    0.0004
 -46.0   -66.0    0.0123    0.0009
 -46.0   -65.0    0.0123    0.0008